/home/box/bio-align
Initial Percentage of Matches: 87.32394366197182 %
Final Percentage of Matches: 89.43661971830986 %
Percentage of Gaps Introduced: 55.28169014084507 %
        M   V   L   S   P   A   D   K   T   N   V   K   A   A   W   G   K   V   G   G   N   A   G   E   Y   G   A   E   A   L   E   R   M   F   L   S   F   P   T   T   K   T   Y   F   P   H   F   D   L   S   H   G   S   A   Q   V   K   G   H   G   A   K   V   A   A   A   L   T   N   A   V   A   H   V   D   D   M   P   N   A   L   S   A   L   S   D   L   H   A   H   K   L   R   V   D   P   V   N   F   K   L   L   S   H   C   L   L   V   T   L   A   A   H   L   P   A   E   F   T   P   A   V   H   A   S   L   D   K   F   L   A   S   V   S   T   V   L   T   S   K   Y   R   
    0  -1  -2  -3  -4  -5  -6  -7  -8  -9 -10 -11 -12 -13 -14 -15 -16 -17 -18 -19 -20 -21 -22 -23 -24 -25 -26 -27 -28 -29 -30 -31 -32 -33 -34 -35 -36 -37 -38 -39 -40 -41 -42 -43 -44 -45 -46 -47 -48 -49 -50 -51 -52 -53 -54 -55 -56 -57 -58 -59 -60 -61 -62 -63 -64 -65 -66 -67 -68 -69 -70 -71 -72 -73 -74 -75 -76 -77 -78 -79 -80 -81 -82 -83 -84 -85 -86 -87 -88 -89 -90 -91 -92 -93 -94 -95 -96 -97 -98 -99 -100 -101 -102 -103 -104 -105 -106 -107 -108 -109 -110 -111 -112 -113 -114 -115 -116 -117 -118 -119 -120 -121 -122 -123 -124 -125 -126 -127 -128 127 126 125 124 123 122 121 120 119 118 117 116 115 114 
M  -1   1   0  -1  -2  -3  -4  -5  -6  -7  -8  -9 -10 -11 -12 -13 -14 -15 -16 -17 -18 -19 -20 -21 -22 -23 -24 -25 -26 -27 -28 -29 -30 -31 -32 -33 -34 -35 -36 -37 -38 -39 -40 -41 -42 -43 -44 -45 -46 -47 -48 -49 -50 -51 -52 -53 -54 -55 -56 -57 -58 -59 -60 -61 -62 -63 -64 -65 -66 -67 -68 -69 -70 -71 -72 -73 -74 -75 -76 -77 -78 -79 -80 -81 -82 -83 -84 -85 -86 -87 -88 -89 -90 -91 -92 -93 -94 -95 -96 -97 -98 -99 -100 -101 -102 -103 -104 -105 -106 -107 -108 -109 -110 -111 -112 -113 -114 -115 -116 -117 -118 -119 -120 -121 -122 -123 -124 -125 -126 126 125 124 123 122 121 120 119 118 117 116 115 114 113 
V  -2   0   2   1   0  -1  -2  -3  -4  -5  -6  -7  -8  -9 -10 -11 -12 -13 -14 -15 -16 -17 -18 -19 -20 -21 -22 -23 -24 -25 -26 -27 -28 -29 -30 -31 -32 -33 -34 -35 -36 -37 -38 -39 -40 -41 -42 -43 -44 -45 -46 -47 -48 -49 -50 -51 -52 -53 -54 -55 -56 -57 -58 -59 -60 -61 -62 -63 -64 -65 -66 -67 -68 -69 -70 -71 -72 -73 -74 -75 -76 -77 -78 -79 -80 -81 -82 -83 -84 -85 -86 -87 -88 -89 -90 -91 -92 -93 -94 -95 -96 -97 -98 -99 -100 -101 -102 -103 -104 -105 -106 -107 -108 -109 -110 -111 -112 -113 -114 -115 -116 -117 -118 -119 -120 -121 -122 -123 -124 125 124 123 122 124 123 122 121 120 119 118 117 116 115 
L  -3  -1   1   3   2   1   0  -1  -2  -3  -4  -5  -6  -7  -8  -9 -10 -11 -12 -13 -14 -15 -16 -17 -18 -19 -20 -21 -22 -23 -24 -25 -26 -27 -28 -29 -30 -31 -32 -33 -34 -35 -36 -37 -38 -39 -40 -41 -42 -43 -44 -45 -46 -47 -48 -49 -50 -51 -52 -53 -54 -55 -56 -57 -58 -59 -60 -61 -62 -63 -64 -65 -66 -67 -68 -69 -70 -71 -72 -73 -74 -75 -76 -77 -78 -79 -80 -81 -82 -83 -84 -85 -86 -87 -88 -89 -90 -91 -92 -93 -94 -95 -96 -97 -98 -99 -100 -101 -102 -103 -104 -105 -106 -107 -108 -109 -110 -111 -112 -113 -114 -115 -116 -117 -118 -119 -120 -121 -122 124 126 125 124 123 122 121 120 122 121 120 119 118 117 
S  -4  -2   0   2   4   3   2   1   0  -1  -2  -3  -4  -5  -6  -7  -8  -9 -10 -11 -12 -13 -14 -15 -16 -17 -18 -19 -20 -21 -22 -23 -24 -25 -26 -27 -28 -29 -30 -31 -32 -33 -34 -35 -36 -37 -38 -39 -40 -41 -42 -43 -44 -45 -46 -47 -48 -49 -50 -51 -52 -53 -54 -55 -56 -57 -58 -59 -60 -61 -62 -63 -64 -65 -66 -67 -68 -69 -70 -71 -72 -73 -74 -75 -76 -77 -78 -79 -80 -81 -82 -83 -84 -85 -86 -87 -88 -89 -90 -91 -92 -93 -94 -95 -96 -97 -98 -99 -100 -101 -102 -103 -104 -105 -106 -107 -108 -109 -110 -111 -112 -113 -114 -115 -116 -117 -118 -119 -120 123 125 124 126 125 124 123 122 121 120 122 121 120 119 
P  -5  -3  -1   1   3   5   4   3   2   1   0  -1  -2  -3  -4  -5  -6  -7  -8  -9 -10 -11 -12 -13 -14 -15 -16 -17 -18 -19 -20 -21 -22 -23 -24 -25 -26 -27 -28 -29 -30 -31 -32 -33 -34 -35 -36 -37 -38 -39 -40 -41 -42 -43 -44 -45 -46 -47 -48 -49 -50 -51 -52 -53 -54 -55 -56 -57 -58 -59 -60 -61 -62 -63 -64 -65 -66 -67 -68 -69 -70 -71 -72 -73 -74 -75 -76 -77 -78 -79 -80 -81 -82 -83 -84 -85 -86 -87 -88 -89 -90 -91 -92 -93 -94 -95 -96 -97 -98 -99 -100 -101 -102 -103 -104 -105 -106 -107 -108 -109 -110 -111 -112 -113 -114 -115 -116 -117 -118 122 124 123 125 124 123 122 121 120 119 121 120 119 118 
A  -6  -4  -2   0   2   4   6   5   4   3   2   1   0  -1  -2  -3  -4  -5  -6  -7  -8  -9 -10 -11 -12 -13 -14 -15 -16 -17 -18 -19 -20 -21 -22 -23 -24 -25 -26 -27 -28 -29 -30 -31 -32 -33 -34 -35 -36 -37 -38 -39 -40 -41 -42 -43 -44 -45 -46 -47 -48 -49 -50 -51 -52 -53 -54 -55 -56 -57 -58 -59 -60 -61 -62 -63 -64 -65 -66 -67 -68 -69 -70 -71 -72 -73 -74 -75 -76 -77 -78 -79 -80 -81 -82 -83 -84 -85 -86 -87 -88 -89 -90 -91 -92 -93 -94 -95 -96 -97 -98 -99 -100 -101 -102 -103 -104 -105 -106 -107 -108 -109 -110 -111 -112 -113 -114 -115 -116 121 123 125 124 123 122 121 120 119 118 120 119 118 117 
D  -7  -5  -3  -1   1   3   5   7   6   5   4   3   2   1   0  -1  -2  -3  -4  -5  -6  -7  -8  -9 -10 -11 -12 -13 -14 -15 -16 -17 -18 -19 -20 -21 -22 -23 -24 -25 -26 -27 -28 -29 -30 -31 -32 -33 -34 -35 -36 -37 -38 -39 -40 -41 -42 -43 -44 -45 -46 -47 -48 -49 -50 -51 -52 -53 -54 -55 -56 -57 -58 -59 -60 -61 -62 -63 -64 -65 -66 -67 -68 -69 -70 -71 -72 -73 -74 -75 -76 -77 -78 -79 -80 -81 -82 -83 -84 -85 -86 -87 -88 -89 -90 -91 -92 -93 -94 -95 -96 -97 -98 -99 -100 -101 -102 -103 -104 -105 -106 -107 -108 -109 -110 -111 -112 -113 -114 120 122 124 123 122 121 120 119 118 117 119 118 117 116 
K  -8  -6  -4  -2   0   2   4   6   8   7   6   5   4   3   2   1   0  -1  -2  -3  -4  -5  -6  -7  -8  -9 -10 -11 -12 -13 -14 -15 -16 -17 -18 -19 -20 -21 -22 -23 -24 -25 -26 -27 -28 -29 -30 -31 -32 -33 -34 -35 -36 -37 -38 -39 -40 -41 -42 -43 -44 -45 -46 -47 -48 -49 -50 -51 -52 -53 -54 -55 -56 -57 -58 -59 -60 -61 -62 -63 -64 -65 -66 -67 -68 -69 -70 -71 -72 -73 -74 -75 -76 -77 -78 -79 -80 -81 -82 -83 -84 -85 -86 -87 -88 -89 -90 -91 -92 -93 -94 -95 -96 -97 -98 -99 -100 -101 -102 -103 -104 -105 -106 -107 -108 -109 -110 -111 -112 119 121 123 122 121 120 119 118 117 116 118 120 119 118 
T  -9  -7  -5  -3  -1   1   3   5   7   9   8   7   6   5   4   3   2   1   0  -1  -2  -3  -4  -5  -6  -7  -8  -9 -10 -11 -12 -13 -14 -15 -16 -17 -18 -19 -20 -21 -22 -23 -24 -25 -26 -27 -28 -29 -30 -31 -32 -33 -34 -35 -36 -37 -38 -39 -40 -41 -42 -43 -44 -45 -46 -47 -48 -49 -50 -51 -52 -53 -54 -55 -56 -57 -58 -59 -60 -61 -62 -63 -64 -65 -66 -67 -68 -69 -70 -71 -72 -73 -74 -75 -76 -77 -78 -79 -80 -81 -82 -83 -84 -85 -86 -87 -88 -89 -90 -91 -92 -93 -94 -95 -96 -97 -98 -99 -100 -101 -102 -103 -104 -105 -106 -107 -108 -109 -110 118 120 122 121 120 119 121 120 119 118 117 119 118 117 
N -10  -8  -6  -4  -2   0   2   4   6   8  10   9   8   7   6   5   4   3   2   1   0  -1  -2  -3  -4  -5  -6  -7  -8  -9 -10 -11 -12 -13 -14 -15 -16 -17 -18 -19 -20 -21 -22 -23 -24 -25 -26 -27 -28 -29 -30 -31 -32 -33 -34 -35 -36 -37 -38 -39 -40 -41 -42 -43 -44 -45 -46 -47 -48 -49 -50 -51 -52 -53 -54 -55 -56 -57 -58 -59 -60 -61 -62 -63 -64 -65 -66 -67 -68 -69 -70 -71 -72 -73 -74 -75 -76 -77 -78 -79 -80 -81 -82 -83 -84 -85 -86 -87 -88 -89 -90 -91 -92 -93 -94 -95 -96 -97 -98 -99 -100 -101 -102 -103 -104 -105 -106 -107 -108 117 119 121 120 119 118 120 119 118 117 116 118 117 116 
V -11  -9  -7  -5  -3  -1   1   3   5   7   9  11  10   9   8   7   6   5   4   3   2   1   0  -1  -2  -3  -4  -5  -6  -7  -8  -9 -10 -11 -12 -13 -14 -15 -16 -17 -18 -19 -20 -21 -22 -23 -24 -25 -26 -27 -28 -29 -30 -31 -32 -33 -34 -35 -36 -37 -38 -39 -40 -41 -42 -43 -44 -45 -46 -47 -48 -49 -50 -51 -52 -53 -54 -55 -56 -57 -58 -59 -60 -61 -62 -63 -64 -65 -66 -67 -68 -69 -70 -71 -72 -73 -74 -75 -76 -77 -78 -79 -80 -81 -82 -83 -84 -85 -86 -87 -88 -89 -90 -91 -92 -93 -94 -95 -96 -97 -98 -99 -100 -101 -102 -103 -104 -105 -106 116 118 120 119 121 120 119 121 120 119 118 117 116 115 
K -12 -10  -8  -6  -4  -2   0   2   4   6   8  10  12  11  10   9   8   7   6   5   4   3   2   1   0  -1  -2  -3  -4  -5  -6  -7  -8  -9 -10 -11 -12 -13 -14 -15 -16 -17 -18 -19 -20 -21 -22 -23 -24 -25 -26 -27 -28 -29 -30 -31 -32 -33 -34 -35 -36 -37 -38 -39 -40 -41 -42 -43 -44 -45 -46 -47 -48 -49 -50 -51 -52 -53 -54 -55 -56 -57 -58 -59 -60 -61 -62 -63 -64 -65 -66 -67 -68 -69 -70 -71 -72 -73 -74 -75 -76 -77 -78 -79 -80 -81 -82 -83 -84 -85 -86 -87 -88 -89 -90 -91 -92 -93 -94 -95 -96 -97 -98 -99 -100 -101 -102 -103 -104 115 117 119 118 120 119 118 120 119 118 117 119 118 117 
A -13 -11  -9  -7  -5  -3  -1   1   3   5   7   9  11  13  12  11  10   9   8   7   6   5   4   3   2   1   0  -1  -2  -3  -4  -5  -6  -7  -8  -9 -10 -11 -12 -13 -14 -15 -16 -17 -18 -19 -20 -21 -22 -23 -24 -25 -26 -27 -28 -29 -30 -31 -32 -33 -34 -35 -36 -37 -38 -39 -40 -41 -42 -43 -44 -45 -46 -47 -48 -49 -50 -51 -52 -53 -54 -55 -56 -57 -58 -59 -60 -61 -62 -63 -64 -65 -66 -67 -68 -69 -70 -71 -72 -73 -74 -75 -76 -77 -78 -79 -80 -81 -82 -83 -84 -85 -86 -87 -88 -89 -90 -91 -92 -93 -94 -95 -96 -97 -98 -99 -100 -101 -102 114 116 118 117 119 118 117 119 118 117 116 118 117 116 
A -14 -12 -10  -8  -6  -4  -2   0   2   4   6   8  10  12  14  13  12  11  10   9   8   7   6   5   4   3   2   1   0  -1  -2  -3  -4  -5  -6  -7  -8  -9 -10 -11 -12 -13 -14 -15 -16 -17 -18 -19 -20 -21 -22 -23 -24 -25 -26 -27 -28 -29 -30 -31 -32 -33 -34 -35 -36 -37 -38 -39 -40 -41 -42 -43 -44 -45 -46 -47 -48 -49 -50 -51 -52 -53 -54 -55 -56 -57 -58 -59 -60 -61 -62 -63 -64 -65 -66 -67 -68 -69 -70 -71 -72 -73 -74 -75 -76 -77 -78 -79 -80 -81 -82 -83 -84 -85 -86 -87 -88 -89 -90 -91 -92 -93 -94 -95 -96 -97 -98 -99 -100 113 115 117 116 118 117 116 118 117 116 115 117 116 115 
W -15 -13 -11  -9  -7  -5  -3  -1   1   3   5   7   9  11  13  15  14  13  12  11  10   9   8   7   6   5   4   3   2   1   0  -1  -2  -3  -4  -5  -6  -7  -8  -9 -10 -11 -12 -13 -14 -15 -16 -17 -18 -19 -20 -21 -22 -23 -24 -25 -26 -27 -28 -29 -30 -31 -32 -33 -34 -35 -36 -37 -38 -39 -40 -41 -42 -43 -44 -45 -46 -47 -48 -49 -50 -51 -52 -53 -54 -55 -56 -57 -58 -59 -60 -61 -62 -63 -64 -65 -66 -67 -68 -69 -70 -71 -72 -73 -74 -75 -76 -77 -78 -79 -80 -81 -82 -83 -84 -85 -86 -87 -88 -89 -90 -91 -92 -93 -94 -95 -96 -97 -98 112 114 116 115 117 116 115 117 116 115 114 116 115 114 
G -16 -14 -12 -10  -8  -6  -4  -2   0   2   4   6   8  10  12  14  16  15  14  13  12  11  10   9   8   7   6   5   4   3   2   1   0  -1  -2  -3  -4  -5  -6  -7  -8  -9 -10 -11 -12 -13 -14 -15 -16 -17 -18 -19 -20 -21 -22 -23 -24 -25 -26 -27 -28 -29 -30 -31 -32 -33 -34 -35 -36 -37 -38 -39 -40 -41 -42 -43 -44 -45 -46 -47 -48 -49 -50 -51 -52 -53 -54 -55 -56 -57 -58 -59 -60 -61 -62 -63 -64 -65 -66 -67 -68 -69 -70 -71 -72 -73 -74 -75 -76 -77 -78 -79 -80 -81 -82 -83 -84 -85 -86 -87 -88 -89 -90 -91 -92 -93 -94 -95 -96 111 113 115 114 116 115 114 116 115 114 113 115 114 113 
K -17 -15 -13 -11  -9  -7  -5  -3  -1   1   3   5   7   9  11  13  15  17  16  15  14  13  12  11  10   9   8   7   6   5   4   3   2   1   0  -1  -2  -3  -4  -5  -6  -7  -8  -9 -10 -11 -12 -13 -14 -15 -16 -17 -18 -19 -20 -21 -22 -23 -24 -25 -26 -27 -28 -29 -30 -31 -32 -33 -34 -35 -36 -37 -38 -39 -40 -41 -42 -43 -44 -45 -46 -47 -48 -49 -50 -51 -52 -53 -54 -55 -56 -57 -58 -59 -60 -61 -62 -63 -64 -65 -66 -67 -68 -69 -70 -71 -72 -73 -74 -75 -76 -77 -78 -79 -80 -81 -82 -83 -84 -85 -86 -87 -88 -89 -90 -91 -92 -93 -94 110 112 114 113 115 114 113 115 114 113 112 114 113 112 
V -18 -16 -14 -12 -10  -8  -6  -4  -2   0   2   4   6   8  10  12  14  16  18  17  16  15  14  13  12  11  10   9   8   7   6   5   4   3   2   1   0  -1  -2  -3  -4  -5  -6  -7  -8  -9 -10 -11 -12 -13 -14 -15 -16 -17 -18 -19 -20 -21 -22 -23 -24 -25 -26 -27 -28 -29 -30 -31 -32 -33 -34 -35 -36 -37 -38 -39 -40 -41 -42 -43 -44 -45 -46 -47 -48 -49 -50 -51 -52 -53 -54 -55 -56 -57 -58 -59 -60 -61 -62 -63 -64 -65 -66 -67 -68 -69 -70 -71 -72 -73 -74 -75 -76 -77 -78 -79 -80 -81 -82 -83 -84 -85 -86 -87 -88 -89 -90 -91 -92 109 111 113 112 114 113 112 114 113 112 111 113 112 111 
G -19 -17 -15 -13 -11  -9  -7  -5  -3  -1   1   3   5   7   9  11  13  15  17  19  18  17  16  15  14  13  12  11  10   9   8   7   6   5   4   3   2   1   0  -1  -2  -3  -4  -5  -6  -7  -8  -9 -10 -11 -12 -13 -14 -15 -16 -17 -18 -19 -20 -21 -22 -23 -24 -25 -26 -27 -28 -29 -30 -31 -32 -33 -34 -35 -36 -37 -38 -39 -40 -41 -42 -43 -44 -45 -46 -47 -48 -49 -50 -51 -52 -53 -54 -55 -56 -57 -58 -59 -60 -61 -62 -63 -64 -65 -66 -67 -68 -69 -70 -71 -72 -73 -74 -75 -76 -77 -78 -79 -80 -81 -82 -83 -84 -85 -86 -87 -88 -89 -90 108 110 112 111 113 112 111 113 112 111 110 112 111 110 
A -20 -18 -16 -14 -12 -10  -8  -6  -4  -2   0   2   4   6   8  10  12  14  16  18  17  16  18  17  16  15  14  13  12  11  10   9   8   7   6   5   4   3   2   1   0  -1  -2  -3  -4  -5  -6  -7  -8  -9 -10 -11 -12 -13 -14 -15 -16 -17 -18 -19 -20 -21 -22 -23 -24 -25 -26 -27 -28 -29 -30 -31 -32 -33 -34 -35 -36 -37 -38 -39 -40 -41 -42 -43 -44 -45 -46 -47 -48 -49 -50 -51 -52 -53 -54 -55 -56 -57 -58 -59 -60 -61 -62 -63 -64 -65 -66 -67 -68 -69 -70 -71 -72 -73 -74 -75 -76 -77 -78 -79 -80 -81 -82 -83 -84 -85 -86 -87 -88 107 109 111 110 112 111 110 112 111 110 109 111 110 109 
H -21 -19 -17 -15 -13 -11  -9  -7  -5  -3  -1   1   3   5   7   9  11  13  15  17  16  15  17  16  15  14  13  12  11  10   9   8   7   6   5   4   3   2   1   0  -1  -2  -3  -4  -5  -6  -4  -5  -6  -7  -8  -9 -10 -11 -12 -13 -14 -15 -16 -17 -18 -19 -20 -21 -22 -23 -24 -25 -26 -27 -28 -29 -30 -31 -32 -33 -34 -35 -36 -37 -38 -39 -40 -41 -42 -43 -44 -45 -46 -47 -48 -49 -50 -51 -52 -53 -54 -55 -56 -57 -58 -59 -60 -61 -62 -63 -64 -65 -66 -67 -68 -69 -70 -71 -72 -73 -74 -75 -76 -77 -78 -79 -80 -81 -82 -83 -84 -85 -86 106 108 110 109 111 110 109 111 110 109 108 110 109 108 
A -22 -20 -18 -16 -14 -12 -10  -8  -6  -4  -2   0   2   4   6   8  10  12  14  16  15  14  16  15  14  13  12  14  13  12  11  10   9   8   7   6   5   4   3   2   1   0  -1  -2  -3  -4  -5  -6  -7  -8  -9 -10 -11 -12 -10 -11 -12 -13 -14 -15 -16 -17 -18 -19 -20 -21 -22 -23 -24 -25 -26 -27 -28 -29 -30 -31 -32 -33 -34 -35 -36 -37 -38 -39 -40 -41 -42 -43 -44 -45 -46 -47 -48 -49 -50 -51 -52 -53 -54 -55 -56 -57 -58 -59 -60 -61 -62 -63 -64 -65 -66 -67 -68 -69 -70 -71 -72 -73 -74 -75 -76 -77 -78 -79 -80 -81 -82 -83 -84 105 107 109 108 110 109 108 110 109 108 107 109 108 107 
G -23 -21 -19 -17 -15 -13 -11  -9  -7  -5  -3  -1   1   3   5   7   9  11  13  15  17  16  15  17  16  15  14  13  12  11  10   9   8   7   6   5   4   3   2   1   0  -1  -2  -3  -4  -5  -6  -7  -8  -9 -10 -11  -9 -10 -11 -12 -13 -14 -12 -13 -14 -15 -16 -17 -18 -19 -20 -21 -22 -23 -24 -25 -26 -27 -28 -29 -30 -31 -32 -33 -34 -35 -36 -37 -38 -39 -40 -41 -42 -43 -44 -45 -46 -47 -48 -49 -50 -51 -52 -53 -54 -55 -56 -57 -58 -59 -60 -61 -62 -63 -64 -65 -66 -67 -68 -69 -70 -71 -72 -73 -74 -75 -76 -77 -78 -79 -80 -81 -82 104 106 108 107 109 108 107 109 108 107 106 108 107 106 
E -24 -22 -20 -18 -16 -14 -12 -10  -8  -6  -4  -2   0   2   4   6   8  10  12  14  16  15  14  16  18  17  16  15  14  13  12  11  10   9   8   7   6   5   4   3   2   1   0  -1  -2  -3  -4  -5  -6  -7  -8  -9 -10 -11 -12 -13 -14 -15 -13 -14 -15 -16 -17 -18 -19 -20 -21 -22 -23 -24 -25 -26 -27 -28 -29 -30 -31 -32 -33 -34 -35 -36 -37 -38 -39 -40 -41 -42 -43 -44 -45 -46 -47 -48 -49 -50 -51 -52 -53 -54 -55 -56 -57 -58 -59 -60 -61 -62 -63 -64 -65 -66 -67 -68 -69 -70 -71 -69 -70 -71 -72 -73 -74 -75 -76 -77 -78 -79 -80 103 105 107 106 108 107 106 108 107 106 105 107 106 105 
Y -25 -23 -21 -19 -17 -15 -13 -11  -9  -7  -5  -3  -1   1   3   5   7   9  11  13  15  14  13  15  17  19  18  17  16  15  14  13  12  11  10   9   8   7   6   5   4   3   2   1   0  -1  -2  -3  -4  -5  -6  -7  -8  -9 -10 -11 -12 -13 -14 -15 -16 -17 -18 -19 -20 -21 -22 -23 -24 -25 -26 -27 -28 -29 -30 -31 -32 -33 -34 -35 -36 -37 -38 -39 -40 -41 -42 -43 -44 -45 -46 -47 -48 -49 -50 -51 -52 -53 -54 -55 -56 -57 -58 -59 -60 -61 -62 -63 -64 -65 -66 -67 -68 -69 -70 -71 -72 -70 -71 -72 -73 -74 -75 -76 -77 -78 -79 -80 -81 102 104 106 105 107 106 105 107 106 105 104 106 108 107 
G -26 -24 -22 -20 -18 -16 -14 -12 -10  -8  -6  -4  -2   0   2   4   6   8  10  12  14  13  12  14  16  18  20  19  18  17  16  15  14  13  12  11  10   9   8   7   6   5   4   3   2   1   0  -1  -2  -3  -4  -5  -6  -7  -8  -9 -10 -11 -12 -13 -14 -15 -16 -17 -18 -19 -20 -21 -22 -23 -24 -25 -26 -27 -28 -29 -30 -31 -32 -33 -34 -35 -36 -37 -38 -39 -40 -41 -42 -43 -44 -45 -46 -47 -48 -49 -50 -51 -52 -53 -54 -55 -56 -57 -58 -59 -60 -61 -62 -63 -64 -65 -66 -67 -68 -69 -70 -71 -72 -73 -74 -75 -76 -77 -78 -79 -80 -81 -82 101 103 105 104 106 105 104 106 105 104 103 105 107 106 
A -27 -25 -23 -21 -19 -17 -15 -13 -11  -9  -7  -5  -3  -1   1   3   5   7   9  11  13  12  14  13  15  17  19  21  20  19  18  17  16  15  14  13  12  11  10   9   8   7   6   5   4   3   2   1   0  -1  -2  -3  -4  -5  -6  -7  -8  -9 -10 -11 -12 -13 -14 -15 -16 -17 -18 -19 -20 -21 -22 -23 -24 -25 -26 -27 -28 -29 -30 -31 -32 -33 -34 -35 -36 -37 -38 -39 -40 -41 -42 -43 -44 -45 -46 -47 -48 -49 -50 -51 -52 -53 -54 -55 -56 -57 -58 -59 -60 -61 -62 -63 -64 -65 -66 -67 -68 -69 -70 -71 -72 -73 -74 -75 -76 -77 -78 -79 -80 100 102 104 103 105 104 103 105 104 103 102 104 106 105 
E -28 -26 -24 -22 -20 -18 -16 -14 -12 -10  -8  -6  -4  -2   0   2   4   6   8  10  12  11  13  12  14  16  18  20  22  21  20  19  18  17  16  15  14  13  12  11  10   9   8   7   6   5   4   3   2   1   0  -1  -2  -3  -4  -5  -6  -7  -8  -9 -10 -11 -12 -13 -14 -15 -16 -17 -18 -19 -20 -21 -22 -23 -24 -25 -26 -27 -28 -29 -30 -31 -32 -33 -34 -35 -36 -37 -38 -39 -40 -41 -42 -43 -44 -45 -46 -47 -48 -49 -50 -51 -52 -53 -54 -55 -56 -57 -58 -59 -60 -61 -62 -63 -64 -65 -66 -67 -68 -69 -70 -71 -72 -73 -74 -75 -76 -77 -78  99 101 103 102 104 103 102 104 103 102 101 103 105 104 
A -29 -27 -25 -23 -21 -19 -17 -15 -13 -11  -9  -7  -5  -3  -1   1   3   5   7   9  11  10  12  11  13  15  17  19  21  23  22  21  20  19  18  17  16  15  14  13  12  11  10   9   8   7   6   5   4   3   2   1   0  -1  -2  -3  -4  -5  -6  -7  -8  -9 -10 -11 -12 -13 -14 -15 -16 -17 -18 -19 -20 -21 -22 -23 -24 -25 -26 -27 -28 -29 -30 -31 -32 -33 -34 -35 -36 -37 -38 -39 -40 -41 -42 -43 -44 -45 -46 -47 -48 -49 -50 -51 -52 -53 -54 -55 -56 -57 -58 -59 -60 -61 -62 -63 -64 -65 -66 -67 -68 -69 -70 -71 -72 -73 -74 -75 -76  98 100 102 101 103 102 101 103 102 101 100 102 104 103 
L -30 -28 -26 -24 -22 -20 -18 -16 -14 -12 -10  -8  -6  -4  -2   0   2   4   6   8  10   9  11  10  12  14  16  18  20  22  24  23  22  21  20  19  18  17  16  15  14  13  12  11  10   9   8   7   6   5   4   3   2   1   0  -1  -2  -3  -4  -5  -6  -7  -8  -9 -10 -11 -12 -13 -14 -15 -16 -17 -18 -19 -20 -21 -22 -23 -24 -25 -26 -27 -28 -29 -30 -31 -32 -33 -34 -35 -36 -37 -38 -39 -40 -41 -42 -43 -44 -45 -46 -47 -48 -49 -50 -51 -52 -53 -54 -55 -56 -57 -58 -59 -60 -61 -62 -63 -64 -65 -66 -67 -68 -69 -70 -71 -72 -73 -74  97  99 101 100 102 101 100 102 104 103 102 101 103 102 
E -31 -29 -27 -25 -23 -21 -19 -17 -15 -13 -11  -9  -7  -5  -3  -1   1   3   5   7   9   8  10   9  11  13  15  17  19  21  23  25  24  23  22  21  20  19  18  17  16  15  14  13  12  11  10   9   8   7   6   5   4   3   2   1   0  -1  -2  -3  -4  -5  -6  -7  -8  -9 -10 -11 -12 -13 -14 -15 -16 -17 -18 -19 -20 -21 -22 -23 -24 -25 -26 -27 -28 -29 -30 -31 -32 -33 -34 -35 -36 -37 -38 -39 -40 -41 -42 -43 -44 -45 -46 -47 -48 -49 -50 -51 -52 -53 -54 -55 -56 -57 -58 -59 -60 -61 -62 -63 -64 -65 -66 -67 -68 -69 -70 -71 -72  96  98 100  99 101 100  99 101 103 102 101 100 102 101 
R -32 -30 -28 -26 -24 -22 -20 -18 -16 -14 -12 -10  -8  -6  -4  -2   0   2   4   6   8   7   9   8  10  12  14  16  18  20  22  24  26  25  24  23  22  21  20  19  18  17  16  15  14  13  12  11  10   9   8   7   6   5   4   3   2   1   0  -1  -2  -3  -4  -5  -6  -7  -8  -9 -10 -11 -12 -13 -14 -15 -16 -17 -18 -19 -20 -21 -22 -23 -24 -25 -26 -27 -28 -29 -30 -31 -32 -33 -34 -35 -36 -37 -38 -39 -40 -41 -42 -43 -44 -45 -46 -47 -48 -49 -50 -51 -52 -53 -54 -55 -56 -57 -58 -59 -60 -61 -62 -63 -64 -65 -66 -67 -68 -69 -70  95  97  99  98 100  99  98 100 102 101 100  99 101 103 
M -33 -31 -29 -27 -25 -23 -21 -19 -17 -15 -13 -11  -9  -7  -5  -3  -1   1   3   5   7   6   8   7   9  11  13  15  17  19  21  23  25  27  26  25  24  23  22  21  20  19  18  17  16  15  14  13  12  11  10   9   8   7   6   5   4   3   2   1   0  -1  -2  -3  -4  -5  -6  -7  -8  -9 -10 -11 -12 -13 -14 -15 -16 -17 -18 -19 -20 -21 -22 -23 -24 -25 -26 -27 -28 -29 -30 -31 -32 -33 -34 -35 -36 -37 -38 -39 -40 -41 -42 -43 -44 -45 -46 -47 -48 -49 -50 -51 -52 -53 -54 -55 -56 -57 -58 -59 -60 -61 -62 -63 -64 -65 -66 -67 -68  94  96  98  97  99  98  97  99 101 100  99  98 100 102 
F -34 -32 -30 -28 -26 -24 -22 -20 -18 -16 -14 -12 -10  -8  -6  -4  -2   0   2   4   6   5   7   6   8  10  12  14  16  18  20  22  24  26  28  27  26  25  24  23  22  21  20  19  18  17  16  15  14  13  12  11  10   9   8   7   6   5   4   3   2   1   0  -1  -2  -3  -4  -5  -6  -7  -8  -9 -10 -11 -12 -13 -14 -15 -16 -17 -18 -19 -20 -21 -22 -23 -24 -25 -26 -27 -28 -29 -30 -31 -32 -33 -34 -35 -36 -37 -38 -39 -40 -41 -42 -43 -44 -45 -46 -47 -48 -49 -50 -51 -52 -53 -54 -55 -56 -57 -58 -59 -60 -61 -62 -63 -64 -65 -66  93  95  97  96  98  97  96  98 100  99  98  97  99 101 
L -35 -33 -31 -29 -27 -25 -23 -21 -19 -17 -15 -13 -11  -9  -7  -5  -3  -1   1   3   5   4   6   5   7   9  11  13  15  17  19  21  23  25  27  29  28  27  26  25  24  23  22  21  20  19  18  17  16  15  14  13  12  11  10   9   8   7   6   5   4   3   2   1   0  -1  -2  -3  -4  -5  -6  -7  -8  -9 -10 -11 -12 -13 -14 -15 -16 -17 -18 -19 -20 -21 -22 -23 -24 -25 -26 -27 -28 -29 -30 -31 -32 -33 -34 -35 -36 -37 -38 -39 -40 -41 -42 -43 -44 -45 -46 -47 -48 -49 -50 -51 -52 -53 -54 -55 -56 -57 -58 -59 -60 -61 -62 -63 -64  92  94  96  95  97  96  95  97  99  98  97  96  98 100 
S -36 -34 -32 -30 -28 -26 -24 -22 -20 -18 -16 -14 -12 -10  -8  -6  -4  -2   0   2   4   3   5   4   6   8  10  12  14  16  18  20  22  24  26  28  30  29  28  27  26  25  24  23  22  21  20  19  18  17  16  15  14  13  12  11  10   9   8   7   6   5   4   3   2   1   0  -1  -2  -3  -4  -5  -6  -7  -8  -9 -10 -11 -12 -13 -14 -15 -16 -17 -18 -19 -20 -21 -22 -23 -24 -25 -26 -27 -28 -29 -30 -31 -32 -33 -34 -35 -36 -37 -38 -39 -40 -41 -42 -43 -44 -45 -46 -47 -48 -49 -50 -51 -52 -53 -54 -55 -56 -57 -58 -59 -60 -61 -62  91  93  95  97  96  98  97  96  98  97  99  98  97  99 
F -37 -35 -33 -31 -29 -27 -25 -23 -21 -19 -17 -15 -13 -11  -9  -7  -5  -3  -1   1   3   2   4   3   5   7   9  11  13  15  17  19  21  23  25  27  29  31  30  29  28  27  26  25  24  23  22  21  20  19  18  17  16  15  14  13  12  11  10   9   8   7   6   5   4   3   2   1   0  -1  -2  -3  -4  -5  -6  -7  -8  -9 -10 -11 -12 -13 -14 -15 -16 -17 -18 -19 -20 -21 -22 -23 -24 -25 -26 -27 -28 -29 -30 -31 -32 -33 -34 -35 -36 -37 -38 -39 -40 -41 -42 -43 -44 -45 -46 -47 -48 -49 -50 -51 -52 -53 -54 -55 -56 -57 -58 -59 -60  90  92  94  96  95  97  96  95  97  96  98  97  96  98 
P -38 -36 -34 -32 -30 -28 -26 -24 -22 -20 -18 -16 -14 -12 -10  -8  -6  -4  -2   0   2   1   3   2   4   6   8  10  12  14  16  18  20  22  24  26  28  30  32  31  30  29  28  27  26  25  24  23  22  21  20  19  18  17  16  15  14  13  12  11  10   9   8   7   6   5   4   3   2   1   0  -1  -2  -3  -4  -5  -6  -7  -8  -9 -10 -11 -12 -13 -14 -15 -16 -17 -18 -19 -20 -21 -22 -23 -24 -25 -26 -27 -28 -29 -30 -31 -32 -33 -34 -35 -36 -37 -38 -39 -40 -41 -42 -43 -44 -45 -46 -47 -48 -49 -50 -51 -52 -53 -54 -55 -56 -57 -58  89  91  93  95  94  96  95  94  96  95  97  96  95  97 
T -39 -37 -35 -33 -31 -29 -27 -25 -23 -21 -19 -17 -15 -13 -11  -9  -7  -5  -3  -1   1   0   2   1   3   5   7   9  11  13  15  17  19  21  23  25  27  29  31  33  32  31  30  29  28  27  26  25  24  23  22  21  20  19  18  17  16  15  14  13  12  11  10   9   8   7   6   5   4   3   2   1   0  -1  -2  -3  -4  -5  -6  -7  -8  -9 -10 -11 -12 -13 -14 -15 -16 -17 -18 -19 -20 -21 -22 -23 -24 -25 -26 -27 -28 -29 -30 -31 -32 -33 -34 -35 -36 -37 -38 -39 -40 -41 -42 -43 -44 -45 -46 -47 -48 -49 -50 -51 -52 -53 -54 -55 -56  88  90  92  94  93  95  97  96  95  97  96  95  94  96 
T -40 -38 -36 -34 -32 -30 -28 -26 -24 -22 -20 -18 -16 -14 -12 -10  -8  -6  -4  -2   0  -1   1   0   2   4   6   8  10  12  14  16  18  20  22  24  26  28  30  32  34  33  32  31  30  29  28  27  26  25  24  23  22  21  20  19  18  17  16  15  14  13  12  11  10   9   8   7   6   5   4   3   2   1   0  -1  -2  -3  -4  -5  -6  -7  -8  -9 -10 -11 -12 -13 -14 -15 -16 -17 -18 -19 -20 -21 -22 -23 -24 -25 -26 -27 -28 -29 -30 -31 -32 -33 -34 -35 -36 -37 -38 -39 -40 -41 -42 -43 -44 -45 -46 -47 -48 -49 -50 -51 -52 -53 -54  87  89  91  93  92  94  96  95  94  96  95  94  93  95 
K -41 -39 -37 -35 -33 -31 -29 -27 -25 -23 -21 -19 -17 -15 -13 -11  -9  -7  -5  -3  -1  -2   0  -1   1   3   5   7   9  11  13  15  17  19  21  23  25  27  29  31  33  35  34  33  32  31  30  29  28  27  26  25  24  23  22  21  20  19  18  17  16  15  14  13  12  11  10   9   8   7   6   5   4   3   2   1   0  -1  -2  -3  -4  -5  -6  -7  -8  -9 -10 -11 -12 -13 -14 -15 -16 -17 -18 -19 -20 -21 -22 -23 -24 -25 -26 -27 -28 -29 -30 -31 -32 -33 -34 -35 -36 -37 -38 -39 -40 -41 -42 -43 -44 -45 -46 -47 -48 -49 -50 -51 -52  86  88  90  92  91  93  95  94  93  95  94  96  95  94 
T -42 -40 -38 -36 -34 -32 -30 -28 -26 -24 -22 -20 -18 -16 -14 -12 -10  -8  -6  -4  -2  -3  -1  -2   0   2   4   6   8  10  12  14  16  18  20  22  24  26  28  30  32  34  36  35  34  33  32  31  30  29  28  27  26  25  24  23  22  21  20  19  18  17  16  15  14  13  12  11  10   9   8   7   6   5   4   3   2   1   0  -1  -2  -3  -4  -5  -6  -7  -8  -9 -10 -11 -12 -13 -14 -15 -16 -17 -18 -19 -20 -21 -22 -23 -24 -25 -26 -27 -28 -29 -30 -31 -32 -33 -34 -35 -36 -37 -38 -39 -40 -41 -42 -43 -44 -45 -46 -47 -48 -49 -50  85  87  89  91  90  92  94  93  92  94  93  95  94  93 
Y -43 -41 -39 -37 -35 -33 -31 -29 -27 -25 -23 -21 -19 -17 -15 -13 -11  -9  -7  -5  -3  -4  -2  -3  -1   1   3   5   7   9  11  13  15  17  19  21  23  25  27  29  31  33  35  37  36  35  34  33  32  31  30  29  28  27  26  25  24  23  22  21  20  19  18  17  16  15  14  13  12  11  10   9   8   7   6   5   4   3   2   1   0  -1  -2  -3  -4  -5  -6  -7  -8  -9 -10 -11 -12 -13 -14 -15 -16 -17 -18 -19 -20 -21 -22 -23 -24 -25 -26 -27 -28 -29 -30 -31 -32 -33 -34 -35 -36 -37 -38 -39 -40 -41 -42 -43 -44 -45 -46 -47 -48  84  86  88  90  89  91  93  92  91  93  92  94  96  95 
F -44 -42 -40 -38 -36 -34 -32 -30 -28 -26 -24 -22 -20 -18 -16 -14 -12 -10  -8  -6  -4  -5  -3  -4  -2   0   2   4   6   8  10  12  14  16  18  20  22  24  26  28  30  32  34  36  38  37  36  35  34  33  32  31  30  29  28  27  26  25  24  23  22  21  20  19  18  17  16  15  14  13  12  11  10   9   8   7   6   5   4   3   2   1   0  -1  -2  -3  -4  -5  -6  -7  -8  -9 -10 -11 -12 -13 -14 -15 -16 -17 -18 -19 -20 -21 -22 -23 -24 -25 -26 -27 -28 -29 -30 -31 -32 -33 -34 -35 -36 -37 -38 -39 -40 -41 -42 -43 -44 -45 -46  83  85  87  89  88  90  92  91  90  92  91  93  95  94 
P -45 -43 -41 -39 -37 -35 -33 -31 -29 -27 -25 -23 -21 -19 -17 -15 -13 -11  -9  -7  -5  -6  -4  -5  -3  -1   1   3   5   7   9  11  13  15  17  19  21  23  25  27  29  31  33  35  37  39  38  37  36  35  34  33  32  31  30  29  28  27  26  25  24  23  22  21  20  19  18  17  16  15  14  13  12  11  10   9   8   7   6   5   4   3   2   1   0  -1  -2  -3  -4  -5  -6  -7  -8  -9 -10 -11 -12 -13 -14 -15 -16 -17 -18 -19 -20 -21 -22 -23 -24 -25 -26 -27 -28 -29 -30 -31 -32 -33 -34 -35 -36 -37 -38 -39 -40 -41 -42 -43 -44  82  84  86  88  87  89  91  90  89  91  90  92  94  93 
H -46 -44 -42 -40 -38 -36 -34 -32 -30 -28 -26 -24 -22 -20 -18 -16 -14 -12 -10  -8  -6  -7  -5  -6  -4  -2   0   2   4   6   8  10  12  14  16  18  20  22  24  26  28  30  32  34  36  38  40  39  38  37  36  35  34  33  32  31  30  29  28  27  26  25  24  23  22  21  20  19  18  17  16  15  14  13  12  11  10   9   8   7   6   5   4   3   2   1   0  -1  -2  -3  -4  -5  -6  -7  -8  -9 -10 -11 -12 -13 -14 -15 -16 -17 -18 -19 -20 -21 -22 -23 -24 -25 -26 -27 -28 -29 -30 -31 -32 -33 -34 -35 -36 -37 -38 -39 -40 -41 -42  81  83  85  87  86  88  90  89  88  90  89  91  93  92 
F -47 -45 -43 -41 -39 -37 -35 -33 -31 -29 -27 -25 -23 -21 -19 -17 -15 -13 -11  -9  -7  -8  -6  -7  -5  -3  -1   1   3   5   7   9  11  13  15  17  19  21  23  25  27  29  31  33  35  37  39  41  40  39  38  37  36  35  34  33  32  31  30  29  28  27  26  25  24  23  22  21  20  19  18  17  16  15  14  13  12  11  10   9   8   7   6   5   4   3   2   1   0  -1  -2  -3  -4  -5  -6  -7  -8  -9 -10 -11 -12 -13 -14 -15 -16 -17 -18 -19 -20 -21 -22 -23 -24 -25 -26 -27 -28 -29 -30 -31 -32 -33 -34 -35 -36 -37 -38 -39 -40  80  82  84  86  85  87  89  88  87  89  88  90  92  91 
D -48 -46 -44 -42 -40 -38 -36 -34 -32 -30 -28 -26 -24 -22 -20 -18 -16 -14 -12 -10  -8  -9  -7  -8  -6  -4  -2   0   2   4   6   8  10  12  14  16  18  20  22  24  26  28  30  32  34  36  38  40  42  41  40  39  38  37  36  35  34  33  32  31  30  29  28  27  26  25  24  23  22  21  20  19  18  17  16  15  14  13  12  11  10   9   8   7   6   5   4   3   2   1   0  -1  -2  -3  -4  -5  -6  -7  -8  -9 -10 -11 -12 -13 -14 -15 -16 -17 -18 -19 -20 -21 -22 -23 -24 -25 -26 -27 -28 -29 -30 -31 -32 -33 -34 -35 -36 -37 -38  79  81  83  85  84  86  88  87  86  88  87  89  91  90 
L -49 -47 -45 -43 -41 -39 -37 -35 -33 -31 -29 -27 -25 -23 -21 -19 -17 -15 -13 -11  -9 -10  -8  -9  -7  -5  -3  -1   1   3   5   7   9  11  13  15  17  19  21  23  25  27  29  31  33  35  37  39  41  43  42  41  40  39  38  37  36  35  34  33  32  31  30  29  28  27  26  25  24  23  22  21  20  19  18  17  16  15  14  13  12  11  10   9   8   7   6   5   4   3   2   1   0  -1  -2  -3  -4  -5  -6  -7  -8  -9 -10 -11 -12 -13 -14 -15 -16 -17 -18 -19 -20 -21 -22 -23 -24 -25 -26 -27 -28 -29 -30 -31 -32 -33 -34 -35 -36  78  80  82  84  83  85  87  86  88  87  86  88  90  89 
S -50 -48 -46 -44 -42 -40 -38 -36 -34 -32 -30 -28 -26 -24 -22 -20 -18 -16 -14 -12 -10 -11  -9 -10  -8  -6  -4  -2   0   2   4   6   8  10  12  14  16  18  20  22  24  26  28  30  32  34  36  38  40  42  44  43  42  41  40  39  38  37  36  35  34  33  32  31  30  29  28  27  26  25  24  23  22  21  20  19  18  17  16  15  14  13  12  11  10   9   8   7   6   5   4   3   2   1   0  -1  -2  -3  -4  -5  -6  -7  -8  -9 -10 -11 -12 -13 -14 -15 -16 -17 -18 -19 -20 -21 -22 -23 -24 -25 -26 -27 -28 -29 -30 -31 -32 -33 -34  77  79  81  83  82  84  86  85  87  86  88  87  89  88 
H -51 -49 -47 -45 -43 -41 -39 -37 -35 -33 -31 -29 -27 -25 -23 -21 -19 -17 -15 -13 -11 -12 -10 -11  -9  -7  -5  -3  -1   1   3   5   7   9  11  13  15  17  19  21  23  25  27  29  31  33  35  37  39  41  43  45  44  43  42  41  40  39  38  37  36  35  34  33  32  31  30  29  28  27  26  25  24  23  22  21  20  19  18  17  16  15  14  13  12  11  10   9   8   7   6   5   4   3   2   1   0  -1  -2  -3  -4  -5  -6  -7  -8  -9 -10 -11 -12 -13 -14 -15 -16 -17 -18 -19 -20 -21 -22 -23 -24 -25 -26 -27 -28 -29 -30 -31 -32  76  78  80  82  81  83  85  84  86  85  87  86  88  87 
G -52 -50 -48 -46 -44 -42 -40 -38 -36 -34 -32 -30 -28 -26 -24 -22 -20 -18 -16 -14 -12 -13 -11  -9 -10  -8  -6  -4  -2   0   2   4   6   8  10  12  14  16  18  20  22  24  26  28  30  32  34  36  38  40  42  44  46  45  44  43  42  41  40  39  38  37  36  35  34  33  32  31  30  29  28  27  26  25  24  23  22  21  20  19  18  17  16  15  14  13  12  11  10   9   8   7   6   5   4   3   2   1   0  -1  -2  -3  -4  -5  -6  -7  -8  -9 -10 -11 -12 -13 -14 -15 -16 -17 -18 -19 -20 -21 -22 -23 -24 -25 -26 -27 -28 -29 -30  75  77  79  81  80  82  84  83  85  84  86  85  87  86 
S -53 -51 -49 -47 -45 -43 -41 -39 -37 -35 -33 -31 -29 -27 -25 -23 -21 -19 -17 -15 -13 -14 -12 -10 -11  -9  -7  -5  -3  -1   1   3   5   7   9  11  13  15  17  19  21  23  25  27  29  31  33  35  37  39  41  43  45  47  46  45  44  43  42  41  40  39  38  37  36  35  34  33  32  31  30  29  28  27  26  25  24  23  22  21  20  19  18  17  16  15  14  13  12  11  10   9   8   7   6   5   4   3   2   1   0  -1  -2  -3  -4  -5  -6  -7  -8  -9 -10 -11 -12 -13 -14 -15 -16 -17 -18 -19 -20 -21 -22 -23 -24 -25 -26 -27 -28  74  76  78  80  79  81  83  82  84  83  85  84  86  85 
A -54 -52 -50 -48 -46 -44 -42 -40 -38 -36 -34 -32 -30 -28 -26 -24 -22 -20 -18 -16 -14 -15 -13 -11 -12 -10  -8  -6  -4  -2   0   2   4   6   8  10  12  14  16  18  20  22  24  26  28  30  32  34  36  38  40  42  44  46  48  47  46  45  44  43  42  41  40  39  38  37  36  35  34  33  32  31  30  29  28  27  26  25  24  23  22  21  20  19  18  17  16  15  14  13  12  11  10   9   8   7   6   5   4   3   2   1   0  -1  -2  -3  -4  -5  -6  -7  -8  -9 -10 -11 -12 -13 -14 -15 -16 -17 -18 -19 -20 -21 -22 -23 -24 -25 -26  73  75  77  79  78  80  82  81  83  82  84  83  85  84 
Q -55 -53 -51 -49 -47 -45 -43 -41 -39 -37 -35 -33 -31 -29 -27 -25 -23 -21 -19 -17 -15 -16 -14 -12 -13 -11  -9  -7  -5  -3  -1   1   3   5   7   9  11  13  15  17  19  21  23  25  27  29  31  33  35  37  39  41  43  45  47  49  48  47  46  45  44  43  42  41  40  39  38  37  36  35  34  33  32  31  30  29  28  27  26  25  24  23  22  21  20  19  18  17  16  15  14  13  12  11  10   9   8   7   6   5   4   3   2   1   0  -1  -2  -3  -4  -5  -6  -7  -8  -9 -10 -11 -12 -13 -14 -15 -16 -17 -18 -19 -20 -21 -22 -23 -24  72  74  76  78  77  79  81  80  82  81  83  82  84  83 
V -56 -54 -52 -50 -48 -46 -44 -42 -40 -38 -36 -34 -32 -30 -28 -26 -24 -22 -20 -18 -16 -17 -15 -13 -14 -12 -10  -8  -6  -4  -2   0   2   4   6   8  10  12  14  16  18  20  22  24  26  28  30  32  34  36  38  40  42  44  46  48  50  49  48  47  46  45  44  43  42  41  40  39  38  37  36  35  34  33  32  31  30  29  28  27  26  25  24  23  22  21  20  19  18  17  16  15  14  13  12  11  10   9   8   7   6   5   4   3   2   1   0  -1  -2  -3  -4  -5  -6  -7  -8  -9 -10 -11 -12 -13 -14 -15 -16 -17 -18 -19 -20 -21 -22  71  73  75  77  79  78  80  82  81  80  82  81  83  82 
K -57 -55 -53 -51 -49 -47 -45 -43 -41 -39 -37 -35 -33 -31 -29 -27 -25 -23 -21 -19 -17 -18 -16 -14 -15 -13 -11  -9  -7  -5  -3  -1   1   3   5   7   9  11  13  15  17  19  21  23  25  27  29  31  33  35  37  39  41  43  45  47  49  51  50  49  48  47  46  45  44  43  42  41  40  39  38  37  36  35  34  33  32  31  30  29  28  27  26  25  24  23  22  21  20  19  18  17  16  15  14  13  12  11  10   9   8   7   6   5   4   3   2   1   0  -1  -2  -3  -4  -5  -6  -7  -8  -9 -10 -11 -12 -13 -14 -15 -16 -17 -18 -19 -20  70  72  74  76  78  77  79  81  80  79  81  83  82  81 
G -58 -56 -54 -52 -50 -48 -46 -44 -42 -40 -38 -36 -34 -32 -30 -28 -26 -24 -22 -20 -18 -19 -17 -15 -16 -14 -12 -10  -8  -6  -4  -2   0   2   4   6   8  10  12  14  16  18  20  22  24  26  28  30  32  34  36  38  40  42  44  46  48  50  52  51  50  49  48  47  46  45  44  43  42  41  40  39  38  37  36  35  34  33  32  31  30  29  28  27  26  25  24  23  22  21  20  19  18  17  16  15  14  13  12  11  10   9   8   7   6   5   4   3   2   1   0  -1  -2  -3  -4  -5  -6  -7  -8  -9 -10 -11 -12 -13 -14 -15 -16 -17 -18  69  71  73  75  77  76  78  80  79  78  80  82  81  80 
H -59 -57 -55 -53 -51 -49 -47 -45 -43 -41 -39 -37 -35 -33 -31 -29 -27 -25 -23 -21 -19 -20 -18 -16 -17 -15 -13 -11  -9  -7  -5  -3  -1   1   3   5   7   9  11  13  15  17  19  21  23  25  27  29  31  33  35  37  39  41  43  45  47  49  51  53  52  51  50  49  48  47  46  45  44  43  42  41  40  39  38  37  36  35  34  33  32  31  30  29  28  27  26  25  24  23  22  21  20  19  18  17  16  15  14  13  12  11  10   9   8   7   6   5   4   3   2   1   0  -1  -2  -3  -4  -5  -6  -7  -8  -9 -10 -11 -12 -13 -14 -15 -16  68  70  72  74  76  75  77  79  78  77  79  81  80  79 
G -60 -58 -56 -54 -52 -50 -48 -46 -44 -42 -40 -38 -36 -34 -32 -30 -28 -26 -24 -22 -20 -21 -19 -17 -18 -16 -14 -12 -10  -8  -6  -4  -2   0   2   4   6   8  10  12  14  16  18  20  22  24  26  28  30  32  34  36  38  40  42  44  46  48  50  52  54  53  52  51  50  49  48  47  46  45  44  43  42  41  40  39  38  37  36  35  34  33  32  31  30  29  28  27  26  25  24  23  22  21  20  19  18  17  16  15  14  13  12  11  10   9   8   7   6   5   4   3   2   1   0  -1  -2  -3  -4  -5  -6  -7  -8  -9 -10 -11 -12 -13 -14  67  69  71  73  75  74  76  78  77  76  78  80  79  78 
K -61 -59 -57 -55 -53 -51 -49 -47 -45 -43 -41 -39 -37 -35 -33 -31 -29 -27 -25 -23 -21 -22 -20 -18 -19 -17 -15 -13 -11  -9  -7  -5  -3  -1   1   3   5   7   9  11  13  15  17  19  21  23  25  27  29  31  33  35  37  39  41  43  45  47  49  51  53  52  54  53  52  51  50  49  48  47  46  45  44  43  42  41  40  39  38  37  36  35  34  33  32  31  30  29  28  27  26  25  24  23  22  21  20  19  18  17  16  15  14  13  12  11  10   9   8   7   6   5   4   3   2   1   0  -1  -2  -3  -4  -5  -6  -7  -8  -9 -10 -11 -12  66  68  70  72  74  73  75  77  76  75  77  79  78  77 
K -62 -60 -58 -56 -54 -52 -50 -48 -46 -44 -42 -40 -38 -36 -34 -32 -30 -28 -26 -24 -22 -23 -21 -19 -20 -18 -16 -14 -12 -10  -8  -6  -4  -2   0   2   4   6   8  10  12  14  16  18  20  22  24  26  28  30  32  34  36  38  40  42  44  46  48  50  52  51  53  52  51  50  49  48  47  46  45  44  43  42  41  40  39  38  37  36  35  34  33  32  31  30  29  28  27  26  25  27  26  25  24  23  22  21  20  19  18  17  16  15  14  13  12  11  10   9   8   7   6   5   4   3   2   1   0  -1  -2  -3  -4  -5  -6  -7  -8  -9 -10  65  67  69  71  73  72  74  76  75  74  76  78  77  76 
V -63 -61 -59 -57 -55 -53 -51 -49 -47 -45 -43 -41 -39 -37 -35 -33 -31 -29 -27 -25 -23 -24 -22 -20 -21 -19 -17 -15 -13 -11  -9  -7  -5  -3  -1   1   3   5   7   9  11  13  15  17  19  21  23  25  27  29  31  33  35  37  39  41  43  45  47  49  51  50  52  54  53  52  51  50  49  48  47  46  45  44  43  42  41  40  39  38  37  36  35  34  33  32  31  30  29  28  27  26  25  24  26  25  24  23  22  21  20  19  18  17  16  15  14  13  12  11  10   9   8   7   6   5   4   3   2   1   0  -1  -2  -3  -4  -5  -6  -7  -8  64  66  68  70  72  71  73  75  74  73  75  77  76  75 
A -64 -62 -60 -58 -56 -54 -52 -50 -48 -46 -44 -42 -40 -38 -36 -34 -32 -30 -28 -26 -24 -25 -23 -21 -22 -20 -18 -16 -14 -12 -10  -8  -6  -4  -2   0   2   4   6   8  10  12  14  16  18  20  22  24  26  28  30  32  34  36  38  40  42  44  46  48  50  52  51  53  55  54  53  52  51  50  49  48  47  46  45  44  43  42  41  40  39  38  37  36  35  34  33  32  31  30  29  28  27  26  25  24  23  22  21  20  19  18  17  16  15  14  13  12  11  10   9  11  10   9   8   7   6   5   4   3   2   1   0  -1  -2  -3  -4  -5  -6  63  65  67  69  71  70  72  74  73  72  74  76  75  74 
D -65 -63 -61 -59 -57 -55 -53 -51 -49 -47 -45 -43 -41 -39 -37 -35 -33 -31 -29 -27 -25 -26 -24 -22 -23 -21 -19 -17 -15 -13 -11  -9  -7  -5  -3  -1   1   3   5   7   9  11  13  15  17  19  21  23  25  27  29  31  33  35  37  39  41  43  45  47  49  51  50  52  54  53  52  51  50  49  48  47  46  45  44  46  45  44  43  42  41  40  39  38  37  36  35  34  33  32  31  30  29  28  27  26  25  24  23  22  21  20  19  18  17  16  15  14  13  12  11  10   9   8   7   6   5   4   3   2   1   0  -1  -2  -3  -4  -5  -3  -4  62  64  66  68  70  69  71  73  72  71  73  75  74  73 
A -66 -64 -62 -60 -58 -56 -54 -52 -50 -48 -46 -44 -42 -40 -38 -36 -34 -32 -30 -28 -26 -27 -25 -23 -24 -22 -20 -18 -16 -14 -12 -10  -8  -6  -4  -2   0   2   4   6   8  10  12  14  16  18  20  22  24  26  28  30  32  34  36  38  40  42  44  46  48  50  49  51  53  55  54  53  52  51  50  49  48  47  46  45  44  43  42  41  43  42  41  40  39  38  37  36  35  34  33  32  31  30  29  28  27  26  25  24  23  22  21  20  19  18  17  16  15  14  13  12  11  10   9   8   7   6   5   4   3   2   1   0  -1  -2  -3  -4  -5  61  63  65  67  69  68  70  72  71  70  72  74  73  72 
L -67 -65 -63 -61 -59 -57 -55 -53 -51 -49 -47 -45 -43 -41 -39 -37 -35 -33 -31 -29 -27 -28 -26 -24 -25 -23 -21 -19 -17 -15 -13 -11  -9  -7  -5  -3  -1   1   3   5   7   9  11  13  15  17  19  21  23  25  27  29  31  33  35  37  39  41  43  45  47  49  48  50  52  54  53  55  54  53  52  51  50  49  48  47  46  45  44  43  42  44  43  42  41  40  39  38  37  36  35  34  33  32  31  30  29  28  27  26  25  24  23  22  21  20  19  18  17  16  15  14  13  12  11  10   9   8   7   6   5   4   3   2   1   0  -1  -2  -3  60  62  64  66  68  67  69  71  73  72  71  73  72  71 
T -68 -66 -64 -62 -60 -58 -56 -54 -52 -50 -48 -46 -44 -42 -40 -38 -36 -34 -32 -30 -28 -29 -27 -25 -26 -24 -22 -20 -18 -16 -14 -12 -10  -8  -6  -4  -2   0   2   4   6   8  10  12  14  16  18  20  22  24  26  28  30  32  34  36  38  40  42  44  46  48  47  49  51  53  52  54  56  55  54  53  52  51  50  49  48  47  46  45  44  43  42  41  40  39  38  37  36  35  34  33  32  31  30  29  28  27  26  25  24  23  22  21  20  19  18  17  16  18  17  16  15  14  13  12  11  10   9   8   7   6   5   4   3   2   1   0  -1  59  61  63  65  67  66  68  70  72  74  73  72  71  70 
N -69 -67 -65 -63 -61 -59 -57 -55 -53 -51 -49 -47 -45 -43 -41 -39 -37 -35 -33 -31 -29 -27 -28 -26 -27 -25 -23 -21 -19 -17 -15 -13 -11  -9  -7  -5  -3  -1   1   3   5   7   9  11  13  15  17  19  21  23  25  27  29  31  33  35  37  39  41  43  45  47  46  48  50  52  51  53  55  57  56  55  54  53  52  51  50  49  48  47  46  45  44  43  42  41  40  39  38  37  36  35  34  33  32  31  30  29  28  27  26  25  24  23  22  21  20  19  18  17  16  15  14  13  12  11  10   9   8   7   6   5   4   3   2   1   0  -1  -2  58  60  62  64  66  65  67  69  71  73  72  71  70  69 
A -70 -68 -66 -64 -62 -60 -58 -56 -54 -52 -50 -48 -46 -44 -42 -40 -38 -36 -34 -32 -30 -28 -26 -27 -28 -26 -24 -22 -20 -18 -16 -14 -12 -10  -8  -6  -4  -2   0   2   4   6   8  10  12  14  16  18  20  22  24  26  28  30  32  34  36  38  40  42  44  46  45  47  49  51  53  52  54  56  58  57  56  55  54  53  52  51  50  49  48  47  46  45  44  43  42  41  40  39  38  37  36  35  34  33  32  31  30  29  28  27  26  25  24  23  22  21  20  19  18  17  16  15  14  13  12  11  10   9   8   7   6   5   4   3   2   1   0  57  59  61  63  65  64  66  68  70  72  71  70  69  68 
V -71 -69 -67 -65 -63 -61 -59 -57 -55 -53 -51 -49 -47 -45 -43 -41 -39 -37 -35 -33 -31 -29 -27 -28 -29 -27 -25 -23 -21 -19 -17 -15 -13 -11  -9  -7  -5  -3  -1   1   3   5   7   9  11  13  15  17  19  21  23  25  27  29  31  33  35  37  39  41  43  45  44  46  48  50  52  51  53  55  57  59  58  57  56  55  54  53  52  51  50  49  48  47  46  45  44  43  42  41  40  39  38  37  36  35  34  33  32  31  30  29  28  27  26  25  24  23  22  21  20  19  18  17  16  15  14  13  12  11  10   9   8   7   6   5   4   3   2  56  58  60  62  64  63  65  67  69  71  70  69  68  67 
A -72 -70 -68 -66 -64 -62 -60 -58 -56 -54 -52 -50 -48 -46 -44 -42 -40 -38 -36 -34 -32 -30 -28 -29 -30 -28 -26 -24 -22 -20 -18 -16 -14 -12 -10  -8  -6  -4  -2   0   2   4   6   8  10  12  14  16  18  20  22  24  26  28  30  32  34  36  38  40  42  44  43  45  47  49  51  50  52  54  56  58  60  59  58  57  56  55  54  53  52  51  50  49  48  47  46  45  44  43  42  41  40  39  38  37  36  35  34  33  32  31  30  29  28  27  26  25  24  23  22  21  20  19  18  17  16  15  14  13  12  11  10   9   8   7   6   5   4  55  57  59  61  63  62  64  66  68  70  69  68  67  66 
H -73 -71 -69 -67 -65 -63 -61 -59 -57 -55 -53 -51 -49 -47 -45 -43 -41 -39 -37 -35 -33 -31 -29 -30 -31 -29 -27 -25 -23 -21 -19 -17 -15 -13 -11  -9  -7  -5  -3  -1   1   3   5   7   9  11  13  15  17  19  21  23  25  27  29  31  33  35  37  39  41  43  42  44  46  48  50  49  51  53  55  57  59  61  60  59  58  57  56  55  54  53  52  51  50  49  48  47  46  45  44  43  42  41  40  39  38  37  36  35  34  33  32  31  30  29  28  27  26  25  24  23  22  21  20  19  18  17  16  15  14  13  12  11  10   9   8   7   6  54  56  58  60  62  61  63  65  67  69  68  67  66  65 
V -74 -72 -70 -68 -66 -64 -62 -60 -58 -56 -54 -52 -50 -48 -46 -44 -42 -40 -38 -36 -34 -32 -30 -31 -32 -30 -28 -26 -24 -22 -20 -18 -16 -14 -12 -10  -8  -6  -4  -2   0   2   4   6   8  10  12  14  16  18  20  22  24  26  28  30  32  34  36  38  40  42  41  43  45  47  49  48  50  52  54  56  58  60  62  61  60  59  58  57  56  55  54  53  52  51  50  49  48  47  46  45  44  43  42  41  40  39  38  37  36  35  34  33  32  31  30  29  28  27  26  25  24  23  22  21  20  19  18  17  16  15  14  13  12  11  10   9   8  53  55  57  59  61  60  62  64  66  68  67  66  65  64 
D -75 -73 -71 -69 -67 -65 -63 -61 -59 -57 -55 -53 -51 -49 -47 -45 -43 -41 -39 -37 -35 -33 -31 -32 -33 -31 -29 -27 -25 -23 -21 -19 -17 -15 -13 -11  -9  -7  -5  -3  -1   1   3   5   7   9  11  13  15  17  19  21  23  25  27  29  31  33  35  37  39  41  40  42  44  46  48  47  49  51  53  55  57  59  61  63  62  61  60  59  58  57  56  55  54  53  52  51  50  49  48  47  46  45  44  43  42  41  40  39  38  37  36  35  34  33  32  31  30  29  28  27  26  25  24  23  22  21  20  19  18  17  16  15  14  13  12  11  10  52  54  56  58  60  59  61  63  65  67  66  65  64  63 
D -76 -74 -72 -70 -68 -66 -64 -62 -60 -58 -56 -54 -52 -50 -48 -46 -44 -42 -40 -38 -36 -34 -32 -33 -34 -32 -30 -28 -26 -24 -22 -20 -18 -16 -14 -12 -10  -8  -6  -4  -2   0   2   4   6   8  10  12  14  16  18  20  22  24  26  28  30  32  34  36  38  40  39  41  43  45  47  46  48  50  52  54  56  58  60  62  64  63  62  61  60  59  58  57  56  55  54  53  52  51  50  49  48  47  46  45  44  43  42  41  40  39  38  37  36  35  34  33  32  31  30  29  28  27  26  25  24  23  22  21  20  19  18  17  16  15  14  13  12  51  53  55  57  59  58  60  62  64  66  65  64  63  62 
M -77 -75 -73 -71 -69 -67 -65 -63 -61 -59 -57 -55 -53 -51 -49 -47 -45 -43 -41 -39 -37 -35 -33 -34 -35 -33 -31 -29 -27 -25 -23 -21 -19 -17 -15 -13 -11  -9  -7  -5  -3  -1   1   3   5   7   9  11  13  15  17  19  21  23  25  27  29  31  33  35  37  39  38  40  42  44  46  45  47  49  51  53  55  57  59  61  63  65  64  63  62  61  60  59  58  57  56  55  54  53  52  51  50  49  48  47  46  45  44  43  42  41  40  39  38  37  36  35  34  33  32  31  30  29  28  27  26  25  24  23  22  21  20  19  18  17  16  15  14  50  52  54  56  58  57  59  61  63  65  64  63  62  61 
P -78 -76 -74 -72 -70 -68 -66 -64 -62 -60 -58 -56 -54 -52 -50 -48 -46 -44 -42 -40 -38 -36 -34 -35 -36 -34 -32 -30 -28 -26 -24 -22 -20 -18 -16 -14 -12 -10  -8  -6  -4  -2   0   2   4   6   8  10  12  14  16  18  20  22  24  26  28  30  32  34  36  38  37  39  41  43  45  44  46  48  50  52  54  56  58  60  62  64  66  65  64  63  62  61  60  59  58  57  56  55  54  53  52  51  50  49  48  47  46  45  44  43  42  41  40  39  38  37  36  35  34  33  32  31  30  29  28  27  26  25  24  23  22  21  20  19  18  17  16  49  51  53  55  57  56  58  60  62  64  63  62  61  60 
N -79 -77 -75 -73 -71 -69 -67 -65 -63 -61 -59 -57 -55 -53 -51 -49 -47 -45 -43 -41 -39 -37 -35 -36 -37 -35 -33 -31 -29 -27 -25 -23 -21 -19 -17 -15 -13 -11  -9  -7  -5  -3  -1   1   3   5   7   9  11  13  15  17  19  21  23  25  27  29  31  33  35  37  36  38  40  42  44  43  45  47  49  51  53  55  57  59  61  63  65  67  66  65  64  63  62  61  60  59  58  57  56  55  54  53  52  51  50  49  48  47  46  45  44  43  42  41  40  39  38  37  36  35  34  33  32  31  30  29  28  27  26  25  24  23  22  21  20  19  18  48  50  52  54  56  55  57  59  61  63  62  61  60  59 
A -80 -78 -76 -74 -72 -70 -68 -66 -64 -62 -60 -58 -56 -54 -52 -50 -48 -46 -44 -42 -40 -38 -36 -37 -38 -36 -34 -32 -30 -28 -26 -24 -22 -20 -18 -16 -14 -12 -10  -8  -6  -4  -2   0   2   4   6   8  10  12  14  16  18  20  22  24  26  28  30  32  34  36  35  37  39  41  43  42  44  46  48  50  52  54  56  58  60  62  64  66  68  67  66  65  64  63  62  61  60  59  58  57  56  55  54  53  52  51  50  49  48  47  46  45  44  43  42  41  40  39  38  37  36  35  34  33  32  31  30  29  28  27  26  25  24  23  22  21  20  47  49  51  53  55  54  56  58  60  62  61  60  59  58 
L -81 -79 -77 -75 -73 -71 -69 -67 -65 -63 -61 -59 -57 -55 -53 -51 -49 -47 -45 -43 -41 -39 -37 -38 -39 -37 -35 -33 -31 -29 -27 -25 -23 -21 -19 -17 -15 -13 -11  -9  -7  -5  -3  -1   1   3   5   7   9  11  13  15  17  19  21  23  25  27  29  31  33  35  34  36  38  40  42  44  43  45  47  49  51  53  55  57  59  61  63  65  67  69  68  67  66  65  64  63  62  61  60  59  58  57  56  55  54  53  52  51  50  49  48  47  46  45  44  43  42  41  40  39  38  37  36  35  34  33  32  31  30  29  28  27  26  25  24  23  22  46  48  50  52  54  53  55  57  59  61  60  59  58  57 
S -82 -80 -78 -76 -74 -72 -70 -68 -66 -64 -62 -60 -58 -56 -54 -52 -50 -48 -46 -44 -42 -40 -38 -39 -40 -38 -36 -34 -32 -30 -28 -26 -24 -22 -20 -18 -16 -14 -12 -10  -8  -6  -4  -2   0   2   4   6   8  10  12  14  16  18  20  22  24  26  28  30  32  34  33  35  37  39  41  43  42  44  46  48  50  52  54  56  58  60  62  64  66  68  70  69  68  67  66  65  64  63  62  61  60  59  58  57  56  55  54  53  52  51  50  49  48  47  46  45  44  43  42  41  40  39  38  37  36  35  34  33  32  31  30  29  28  27  26  25  24  45  47  49  51  53  55  54  56  58  60  62  61  60  59 
A -83 -81 -79 -77 -75 -73 -71 -69 -67 -65 -63 -61 -59 -57 -55 -53 -51 -49 -47 -45 -43 -41 -39 -40 -41 -39 -37 -35 -33 -31 -29 -27 -25 -23 -21 -19 -17 -15 -13 -11  -9  -7  -5  -3  -1   1   3   5   7   9  11  13  15  17  19  21  23  25  27  29  31  33  32  34  36  38  40  42  41  43  45  47  49  51  53  55  57  59  61  63  65  67  69  71  70  69  68  67  66  65  64  63  62  61  60  59  58  57  56  55  54  53  52  51  50  49  48  47  46  45  44  43  42  41  40  39  38  37  36  35  34  33  32  31  30  29  28  27  26  44  46  48  50  52  54  53  55  57  59  61  60  59  58 
L -84 -82 -80 -78 -76 -74 -72 -70 -68 -66 -64 -62 -60 -58 -56 -54 -52 -50 -48 -46 -44 -42 -40 -41 -42 -40 -38 -36 -34 -32 -30 -28 -26 -24 -22 -20 -18 -16 -14 -12 -10  -8  -6  -4  -2   0   2   4   6   8  10  12  14  16  18  20  22  24  26  28  30  32  31  33  35  37  39  41  40  42  44  46  48  50  52  54  56  58  60  62  64  66  68  70  72  71  70  69  68  67  66  65  64  63  62  61  60  59  58  57  56  55  54  53  52  51  50  49  48  47  46  45  44  43  42  41  40  39  38  37  36  35  34  33  32  31  30  29  28  43  45  47  49  51  53  52  54  56  58  60  59  58  57 
S -85 -83 -81 -79 -77 -75 -73 -71 -69 -67 -65 -63 -61 -59 -57 -55 -53 -51 -49 -47 -45 -43 -41 -42 -43 -41 -39 -37 -35 -33 -31 -29 -27 -25 -23 -21 -19 -17 -15 -13 -11  -9  -7  -5  -3  -1   1   3   5   7   9  11  13  15  17  19  21  23  25  27  29  31  30  32  34  36  38  40  39  41  43  45  47  49  51  53  55  57  59  61  63  65  67  69  71  73  72  71  70  69  68  67  66  65  64  63  62  61  60  59  58  57  56  55  54  53  52  51  50  49  48  47  46  45  44  43  42  41  40  39  38  37  36  35  34  33  32  31  30  42  44  46  48  50  52  51  53  55  57  59  58  57  56 
D -86 -84 -82 -80 -78 -76 -74 -72 -70 -68 -66 -64 -62 -60 -58 -56 -54 -52 -50 -48 -46 -44 -42 -43 -44 -42 -40 -38 -36 -34 -32 -30 -28 -26 -24 -22 -20 -18 -16 -14 -12 -10  -8  -6  -4  -2   0   2   4   6   8  10  12  14  16  18  20  22  24  26  28  30  29  31  33  35  37  39  38  40  42  44  46  48  50  52  54  56  58  60  62  64  66  68  70  72  74  73  72  71  70  69  68  67  66  65  64  63  62  61  60  59  58  57  56  55  54  53  52  51  50  49  48  47  46  45  44  43  42  41  40  39  38  37  36  35  34  33  32  41  43  45  47  49  51  50  52  54  56  58  57  56  55 
L -87 -85 -83 -81 -79 -77 -75 -73 -71 -69 -67 -65 -63 -61 -59 -57 -55 -53 -51 -49 -47 -45 -43 -44 -45 -43 -41 -39 -37 -35 -33 -31 -29 -27 -25 -23 -21 -19 -17 -15 -13 -11  -9  -7  -5  -3  -1   1   3   5   7   9  11  13  15  17  19  21  23  25  27  29  28  30  32  34  36  38  37  39  41  43  45  47  49  51  53  55  57  59  61  63  65  67  69  71  73  75  74  73  72  71  70  69  68  67  66  65  64  63  62  61  60  59  58  57  56  55  54  53  52  51  50  49  48  47  46  45  44  43  42  41  40  39  38  37  36  35  34  40  42  44  46  48  50  49  51  53  55  57  56  55  54 
H -88 -86 -84 -82 -80 -78 -76 -74 -72 -70 -68 -66 -64 -62 -60 -58 -56 -54 -52 -50 -48 -46 -44 -45 -46 -44 -42 -40 -38 -36 -34 -32 -30 -28 -26 -24 -22 -20 -18 -16 -14 -12 -10  -8  -6  -4  -2   0   2   4   6   8  10  12  14  16  18  20  22  24  26  28  27  29  31  33  35  37  36  38  40  42  44  46  48  50  52  54  56  58  60  62  64  66  68  70  72  74  76  75  74  73  72  71  70  69  68  67  66  65  64  63  62  61  60  59  58  57  56  55  54  53  52  51  50  49  48  47  46  45  44  43  42  41  40  39  38  37  36  39  41  43  45  47  49  48  50  52  54  56  55  54  53 
A -89 -87 -85 -83 -81 -79 -77 -75 -73 -71 -69 -67 -65 -63 -61 -59 -57 -55 -53 -51 -49 -47 -45 -46 -47 -45 -43 -41 -39 -37 -35 -33 -31 -29 -27 -25 -23 -21 -19 -17 -15 -13 -11  -9  -7  -5  -3  -1   1   3   5   7   9  11  13  15  17  19  21  23  25  27  26  28  30  32  34  36  35  37  39  41  43  45  47  49  51  53  55  57  59  61  63  65  67  69  71  73  75  77  76  75  74  73  72  71  70  69  68  67  66  65  64  63  62  61  60  59  58  57  56  55  54  53  52  51  50  49  48  47  46  45  44  43  42  41  40  39  38  38  40  42  44  46  48  47  49  51  53  55  54  53  52 
H -90 -88 -86 -84 -82 -80 -78 -76 -74 -72 -70 -68 -66 -64 -62 -60 -58 -56 -54 -52 -50 -48 -46 -47 -48 -46 -44 -42 -40 -38 -36 -34 -32 -30 -28 -26 -24 -22 -20 -18 -16 -14 -12 -10  -8  -6  -4  -2   0   2   4   6   8  10  12  14  16  18  20  22  24  26  25  27  29  31  33  35  34  36  38  40  42  44  46  48  50  52  54  56  58  60  62  64  66  68  70  72  74  76  78  77  76  75  74  73  72  71  70  69  68  67  66  65  64  63  62  61  60  59  58  57  56  55  54  53  52  51  50  49  48  47  46  45  44  43  42  41  40  39  39  41  43  45  47  46  48  50  52  54  53  52  51 
K -91 -89 -87 -85 -83 -81 -79 -77 -75 -73 -71 -69 -67 -65 -63 -61 -59 -57 -55 -53 -51 -49 -47 -48 -49 -47 -45 -43 -41 -39 -37 -35 -33 -31 -29 -27 -25 -23 -21 -19 -17 -15 -13 -11  -9  -7  -5  -3  -1   1   3   5   7   9  11  13  15  17  19  21  23  25  27  26  28  30  32  34  33  35  37  39  41  43  45  47  49  51  53  55  57  59  61  63  65  67  69  71  73  75  77  79  78  77  76  75  74  73  72  71  70  69  68  67  66  65  64  63  62  61  60  59  58  57  56  55  54  53  52  51  50  49  48  47  46  45  44  43  42  41  40  40  42  44  46  45  47  49  51  53  55  54  53 
L -92 -90 -88 -86 -84 -82 -80 -78 -76 -74 -72 -70 -68 -66 -64 -62 -60 -58 -56 -54 -52 -50 -48 -49 -50 -48 -46 -44 -42 -40 -38 -36 -34 -32 -30 -28 -26 -24 -22 -20 -18 -16 -14 -12 -10  -8  -6  -4  -2   0   2   4   6   8  10  12  14  16  18  20  22  24  26  25  27  29  31  33  32  34  36  38  40  42  44  46  48  50  52  54  56  58  60  62  64  66  68  70  72  74  76  78  80  79  78  77  76  75  74  73  72  71  70  69  68  67  66  65  64  63  62  61  60  59  58  57  56  55  54  53  52  51  50  49  48  47  46  45  44  43  42  41  41  43  45  44  46  48  50  52  54  53  52 
R -93 -91 -89 -87 -85 -83 -81 -79 -77 -75 -73 -71 -69 -67 -65 -63 -61 -59 -57 -55 -53 -51 -49 -50 -51 -49 -47 -45 -43 -41 -39 -37 -35 -33 -31 -29 -27 -25 -23 -21 -19 -17 -15 -13 -11  -9  -7  -5  -3  -1   1   3   5   7   9  11  13  15  17  19  21  23  25  24  26  28  30  32  31  33  35  37  39  41  43  45  47  49  51  53  55  57  59  61  63  65  67  69  71  73  75  77  79  81  80  79  78  77  76  75  74  73  72  71  70  69  68  67  66  65  64  63  62  61  60  59  58  57  56  55  54  53  52  51  50  49  48  47  46  45  44  43  42  42  44  43  45  47  49  51  53  52  54 
V -94 -92 -90 -88 -86 -84 -82 -80 -78 -76 -74 -72 -70 -68 -66 -64 -62 -60 -58 -56 -54 -52 -50 -51 -52 -50 -48 -46 -44 -42 -40 -38 -36 -34 -32 -30 -28 -26 -24 -22 -20 -18 -16 -14 -12 -10  -8  -6  -4  -2   0   2   4   6   8  10  12  14  16  18  20  22  24  26  25  27  29  31  30  32  34  36  38  40  42  44  46  48  50  52  54  56  58  60  62  64  66  68  70  72  74  76  78  80  82  81  80  79  78  77  76  75  74  73  72  71  70  69  68  67  66  65  64  63  62  61  60  59  58  57  56  55  54  53  52  51  50  49  48  47  46  45  44  43  43  42  44  46  48  50  52  51  53 
D -95 -93 -91 -89 -87 -85 -83 -81 -79 -77 -75 -73 -71 -69 -67 -65 -63 -61 -59 -57 -55 -53 -51 -52 -53 -51 -49 -47 -45 -43 -41 -39 -37 -35 -33 -31 -29 -27 -25 -23 -21 -19 -17 -15 -13 -11  -9  -7  -5  -3  -1   1   3   5   7   9  11  13  15  17  19  21  23  25  24  26  28  30  29  31  33  35  37  39  41  43  45  47  49  51  53  55  57  59  61  63  65  67  69  71  73  75  77  79  81  83  82  81  80  79  78  77  76  75  74  73  72  71  70  69  68  67  66  65  64  63  62  61  60  59  58  57  56  55  54  53  52  51  50  49  48  47  46  45  44  43  43  45  47  49  51  50  52 
P -96 -94 -92 -90 -88 -86 -84 -82 -80 -78 -76 -74 -72 -70 -68 -66 -64 -62 -60 -58 -56 -54 -52 -53 -54 -52 -50 -48 -46 -44 -42 -40 -38 -36 -34 -32 -30 -28 -26 -24 -22 -20 -18 -16 -14 -12 -10  -8  -6  -4  -2   0   2   4   6   8  10  12  14  16  18  20  22  24  23  25  27  29  28  30  32  34  36  38  40  42  44  46  48  50  52  54  56  58  60  62  64  66  68  70  72  74  76  78  80  82  84  83  82  81  80  79  78  77  76  75  74  73  72  71  70  69  68  67  66  65  64  63  62  61  60  59  58  57  56  55  54  53  52  51  50  49  48  47  46  45  44  44  46  48  50  49  51 
V -97 -95 -93 -91 -89 -87 -85 -83 -81 -79 -77 -75 -73 -71 -69 -67 -65 -63 -61 -59 -57 -55 -53 -54 -55 -53 -51 -49 -47 -45 -43 -41 -39 -37 -35 -33 -31 -29 -27 -25 -23 -21 -19 -17 -15 -13 -11  -9  -7  -5  -3  -1   1   3   5   7   9  11  13  15  17  19  21  23  22  24  26  28  27  29  31  33  35  37  39  41  43  45  47  49  51  53  55  57  59  61  63  65  67  69  71  73  75  77  79  81  83  85  84  83  82  81  80  79  78  77  76  75  74  73  72  71  70  69  68  67  66  65  64  63  62  61  60  59  58  57  56  55  54  53  52  51  50  49  48  47  46  45  45  47  49  48  50 
N -98 -96 -94 -92 -90 -88 -86 -84 -82 -80 -78 -76 -74 -72 -70 -68 -66 -64 -62 -60 -58 -56 -54 -55 -56 -54 -52 -50 -48 -46 -44 -42 -40 -38 -36 -34 -32 -30 -28 -26 -24 -22 -20 -18 -16 -14 -12 -10  -8  -6  -4  -2   0   2   4   6   8  10  12  14  16  18  20  22  21  23  25  27  26  28  30  32  34  36  38  40  42  44  46  48  50  52  54  56  58  60  62  64  66  68  70  72  74  76  78  80  82  84  86  85  84  83  82  81  80  79  78  77  76  75  74  73  72  71  70  69  68  67  66  65  64  63  62  61  60  59  58  57  56  55  54  53  52  51  50  49  48  47  46  46  48  47  49 
F -99 -97 -95 -93 -91 -89 -87 -85 -83 -81 -79 -77 -75 -73 -71 -69 -67 -65 -63 -61 -59 -57 -55 -56 -57 -55 -53 -51 -49 -47 -45 -43 -41 -39 -37 -35 -33 -31 -29 -27 -25 -23 -21 -19 -17 -15 -13 -11  -9  -7  -5  -3  -1   1   3   5   7   9  11  13  15  17  19  21  20  22  24  26  25  27  29  31  33  35  37  39  41  43  45  47  49  51  53  55  57  59  61  63  65  67  69  71  73  75  77  79  81  83  85  87  86  85  84  83  82  81  80  79  78  77  76  75  74  73  72  71  70  69  68  67  66  65  64  63  62  61  60  59  58  57  56  55  54  53  52  51  50  49  48  47  47  46  48 
K -100 -98 -96 -94 -92 -90 -88 -86 -84 -82 -80 -78 -76 -74 -72 -70 -68 -66 -64 -62 -60 -58 -56 -57 -58 -56 -54 -52 -50 -48 -46 -44 -42 -40 -38 -36 -34 -32 -30 -28 -26 -24 -22 -20 -18 -16 -14 -12 -10  -8  -6  -4  -2   0   2   4   6   8  10  12  14  16  18  20  19  21  23  25  24  26  28  30  32  34  36  38  40  42  44  46  48  50  52  54  56  58  60  62  64  66  68  70  72  74  76  78  80  82  84  86  88  87  86  85  84  83  82  81  80  79  78  77  76  75  74  73  72  71  70  69  68  67  66  65  64  63  62  61  60  59  58  57  56  55  54  53  52  51  50  49  48  47  47 
L -101 -99 -97 -95 -93 -91 -89 -87 -85 -83 -81 -79 -77 -75 -73 -71 -69 -67 -65 -63 -61 -59 -57 -58 -59 -57 -55 -53 -51 -49 -47 -45 -43 -41 -39 -37 -35 -33 -31 -29 -27 -25 -23 -21 -19 -17 -15 -13 -11  -9  -7  -5  -3  -1   1   3   5   7   9  11  13  15  17  19  18  20  22  24  23  25  27  29  31  33  35  37  39  41  43  45  47  49  51  53  55  57  59  61  63  65  67  69  71  73  75  77  79  81  83  85  87  89  88  87  86  85  84  83  82  81  80  79  78  77  76  75  74  73  72  71  70  69  68  67  66  65  64  63  62  61  60  59  58  57  56  55  54  53  52  51  50  49  48 
L -102 -100 -98 -96 -94 -92 -90 -88 -86 -84 -82 -80 -78 -76 -74 -72 -70 -68 -66 -64 -62 -60 -58 -59 -60 -58 -56 -54 -52 -50 -48 -46 -44 -42 -40 -38 -36 -34 -32 -30 -28 -26 -24 -22 -20 -18 -16 -14 -12 -10  -8  -6  -4  -2   0   2   4   6   8  10  12  14  16  18  17  19  21  23  22  24  26  28  30  32  34  36  38  40  42  44  46  48  50  52  54  56  58  60  62  64  66  68  70  72  74  76  78  80  82  84  86  88  90  89  88  87  86  85  84  83  82  81  80  79  78  77  76  75  74  73  72  71  70  69  68  67  66  65  64  63  62  61  60  59  58  57  56  55  54  53  52  51  50 
S -103 -101 -99 -97 -95 -93 -91 -89 -87 -85 -83 -81 -79 -77 -75 -73 -71 -69 -67 -65 -63 -61 -59 -60 -61 -59 -57 -55 -53 -51 -49 -47 -45 -43 -41 -39 -37 -35 -33 -31 -29 -27 -25 -23 -21 -19 -17 -15 -13 -11  -9  -7  -5  -3  -1   1   3   5   7   9  11  13  15  17  16  18  20  22  21  23  25  27  29  31  33  35  37  39  41  43  45  47  49  51  53  55  57  59  61  63  65  67  69  71  73  75  77  79  81  83  85  87  89  91  90  89  88  87  86  85  84  83  82  81  80  79  78  77  76  75  74  73  72  71  70  69  68  67  66  65  64  63  62  61  60  59  58  57  56  55  54  53  52 
H -104 -102 -100 -98 -96 -94 -92 -90 -88 -86 -84 -82 -80 -78 -76 -74 -72 -70 -68 -66 -64 -62 -60 -61 -62 -60 -58 -56 -54 -52 -50 -48 -46 -44 -42 -40 -38 -36 -34 -32 -30 -28 -26 -24 -22 -20 -18 -16 -14 -12 -10  -8  -6  -4  -2   0   2   4   6   8  10  12  14  16  15  17  19  21  20  22  24  26  28  30  32  34  36  38  40  42  44  46  48  50  52  54  56  58  60  62  64  66  68  70  72  74  76  78  80  82  84  86  88  90  92  91  90  89  88  87  86  85  84  83  82  81  80  79  78  77  76  75  74  73  72  71  70  69  68  67  66  65  64  63  62  61  60  59  58  57  56  55  54 
C -105 -103 -101 -99 -97 -95 -93 -91 -89 -87 -85 -83 -81 -79 -77 -75 -73 -71 -69 -67 -65 -63 -61 -62 -63 -61 -59 -57 -55 -53 -51 -49 -47 -45 -43 -41 -39 -37 -35 -33 -31 -29 -27 -25 -23 -21 -19 -17 -15 -13 -11  -9  -7  -5  -3  -1   1   3   5   7   9  11  13  15  14  16  18  20  19  21  23  25  27  29  31  33  35  37  39  41  43  45  47  49  51  53  55  57  59  61  63  65  67  69  71  73  75  77  79  81  83  85  87  89  91  93  92  91  90  89  88  87  86  85  84  83  82  81  80  79  78  77  76  75  74  73  72  71  70  69  68  67  66  65  64  63  62  61  60  59  58  57  56 
L -106 -104 -102 -100 -98 -96 -94 -92 -90 -88 -86 -84 -82 -80 -78 -76 -74 -72 -70 -68 -66 -64 -62 -63 -64 -62 -60 -58 -56 -54 -52 -50 -48 -46 -44 -42 -40 -38 -36 -34 -32 -30 -28 -26 -24 -22 -20 -18 -16 -14 -12 -10  -8  -6  -4  -2   0   2   4   6   8  10  12  14  13  15  17  19  18  20  22  24  26  28  30  32  34  36  38  40  42  44  46  48  50  52  54  56  58  60  62  64  66  68  70  72  74  76  78  80  82  84  86  88  90  92  94  93  92  91  90  89  88  87  86  85  84  83  82  81  80  79  78  77  76  75  74  73  72  71  70  69  68  67  66  65  64  63  62  61  60  59  58 
L -107 -105 -103 -101 -99 -97 -95 -93 -91 -89 -87 -85 -83 -81 -79 -77 -75 -73 -71 -69 -67 -65 -63 -64 -65 -63 -61 -59 -57 -55 -53 -51 -49 -47 -45 -43 -41 -39 -37 -35 -33 -31 -29 -27 -25 -23 -21 -19 -17 -15 -13 -11  -9  -7  -5  -3  -1   1   3   5   7   9  11  13  12  14  16  18  17  19  21  23  25  27  29  31  33  35  37  39  41  43  45  47  49  51  53  55  57  59  61  63  65  67  69  71  73  75  77  79  81  83  85  87  89  91  93  95  94  93  92  91  90  89  88  87  86  85  84  83  82  81  80  79  78  77  76  75  74  73  72  71  70  69  68  67  66  65  64  63  62  61  60 
V -108 -106 -104 -102 -100 -98 -96 -94 -92 -90 -88 -86 -84 -82 -80 -78 -76 -74 -72 -70 -68 -66 -64 -65 -66 -64 -62 -60 -58 -56 -54 -52 -50 -48 -46 -44 -42 -40 -38 -36 -34 -32 -30 -28 -26 -24 -22 -20 -18 -16 -14 -12 -10  -8  -6  -4  -2   0   2   4   6   8  10  12  11  13  15  17  16  18  20  22  24  26  28  30  32  34  36  38  40  42  44  46  48  50  52  54  56  58  60  62  64  66  68  70  72  74  76  78  80  82  84  86  88  90  92  94  96  95  94  93  92  91  90  89  88  87  86  85  84  83  82  81  80  79  78  77  76  75  74  73  72  71  70  69  68  67  66  65  64  63  62 
T -109 -107 -105 -103 -101 -99 -97 -95 -93 -91 -89 -87 -85 -83 -81 -79 -77 -75 -73 -71 -69 -67 -65 -66 -67 -65 -63 -61 -59 -57 -55 -53 -51 -49 -47 -45 -43 -41 -39 -37 -35 -33 -31 -29 -27 -25 -23 -21 -19 -17 -15 -13 -11  -9  -7  -5  -3  -1   1   3   5   7   9  11  10  12  14  16  18  17  19  21  23  25  27  29  31  33  35  37  39  41  43  45  47  49  51  53  55  57  59  61  63  65  67  69  71  73  75  77  79  81  83  85  87  89  91  93  95  97  96  95  94  93  92  91  90  89  88  87  86  85  84  83  82  81  80  79  78  77  76  75  74  73  72  71  70  69  68  67  66  65  64 
L -110 -108 -106 -104 -102 -100 -98 -96 -94 -92 -90 -88 -86 -84 -82 -80 -78 -76 -74 -72 -70 -68 -66 -67 -68 -66 -64 -62 -60 -58 -56 -54 -52 -50 -48 -46 -44 -42 -40 -38 -36 -34 -32 -30 -28 -26 -24 -22 -20 -18 -16 -14 -12 -10  -8  -6  -4  -2   0   2   4   6   8  10   9  11  13  15  17  16  18  20  22  24  26  28  30  32  34  36  38  40  42  44  46  48  50  52  54  56  58  60  62  64  66  68  70  72  74  76  78  80  82  84  86  88  90  92  94  96  98  97  96  95  94  93  92  91  90  89  88  87  86  85  84  83  82  81  80  79  78  77  76  75  74  73  72  71  70  69  68  67  66 
A -111 -109 -107 -105 -103 -101 -99 -97 -95 -93 -91 -89 -87 -85 -83 -81 -79 -77 -75 -73 -71 -69 -67 -68 -69 -67 -65 -63 -61 -59 -57 -55 -53 -51 -49 -47 -45 -43 -41 -39 -37 -35 -33 -31 -29 -27 -25 -23 -21 -19 -17 -15 -13 -11  -9  -7  -5  -3  -1   1   3   5   7   9  11  10  12  14  16  15  17  19  21  23  25  27  29  31  33  35  37  39  41  43  45  47  49  51  53  55  57  59  61  63  65  67  69  71  73  75  77  79  81  83  85  87  89  91  93  95  97  99  98  97  96  95  94  93  92  91  90  89  88  87  86  85  84  83  82  81  80  79  78  77  76  75  74  73  72  71  70  69  68 
A -112 -110 -108 -106 -104 -102 -100 -98 -96 -94 -92 -90 -88 -86 -84 -82 -80 -78 -76 -74 -72 -70 -68 -69 -70 -68 -66 -64 -62 -60 -58 -56 -54 -52 -50 -48 -46 -44 -42 -40 -38 -36 -34 -32 -30 -28 -26 -24 -22 -20 -18 -16 -14 -12 -10  -8  -6  -4  -2   0   2   4   6   8  10  12  11  13  15  14  16  18  20  22  24  26  28  30  32  34  36  38  40  42  44  46  48  50  52  54  56  58  60  62  64  66  68  70  72  74  76  78  80  82  84  86  88  90  92  94  96  98 100  99  98  97  96  95  94  93  92  91  90  89  88  87  86  85  84  83  82  81  80  79  78  77  76  75  74  73  72  71  70 
H -113 -111 -109 -107 -105 -103 -101 -99 -97 -95 -93 -91 -89 -87 -85 -83 -81 -79 -77 -75 -73 -71 -69 -70 -71 -69 -67 -65 -63 -61 -59 -57 -55 -53 -51 -49 -47 -45 -43 -41 -39 -37 -35 -33 -31 -29 -27 -25 -23 -21 -19 -17 -15 -13 -11  -9  -7  -5  -3  -1   1   3   5   7   9  11  10  12  14  13  15  17  19  21  23  25  27  29  31  33  35  37  39  41  43  45  47  49  51  53  55  57  59  61  63  65  67  69  71  73  75  77  79  81  83  85  87  89  91  93  95  97  99 101 100  99  98  97  96  95  94  93  92  91  90  89  88  87  86  85  84  83  82  81  80  79  78  77  76  75  74  73  72 
L -114 -112 -110 -108 -106 -104 -102 -100 -98 -96 -94 -92 -90 -88 -86 -84 -82 -80 -78 -76 -74 -72 -70 -71 -72 -70 -68 -66 -64 -62 -60 -58 -56 -54 -52 -50 -48 -46 -44 -42 -40 -38 -36 -34 -32 -30 -28 -26 -24 -22 -20 -18 -16 -14 -12 -10  -8  -6  -4  -2   0   2   4   6   8  10   9  11  13  12  14  16  18  20  22  24  26  28  30  32  34  36  38  40  42  44  46  48  50  52  54  56  58  60  62  64  66  68  70  72  74  76  78  80  82  84  86  88  90  92  94  96  98 100 102 101 100  99  98  97  96  95  94  93  92  91  90  89  88  87  86  85  84  83  82  81  80  79  78  77  76  75  74 
P -115 -113 -111 -109 -107 -105 -103 -101 -99 -97 -95 -93 -91 -89 -87 -85 -83 -81 -79 -77 -75 -73 -71 -72 -73 -71 -69 -67 -65 -63 -61 -59 -57 -55 -53 -51 -49 -47 -45 -43 -41 -39 -37 -35 -33 -31 -29 -27 -25 -23 -21 -19 -17 -15 -13 -11  -9  -7  -5  -3  -1   1   3   5   7   9   8  10  12  11  13  15  17  19  21  23  25  27  29  31  33  35  37  39  41  43  45  47  49  51  53  55  57  59  61  63  65  67  69  71  73  75  77  79  81  83  85  87  89  91  93  95  97  99 101 103 102 101 100  99  98  97  96  95  94  93  92  91  90  89  88  87  86  85  84  83  82  81  80  79  78  77  76 
A -116 -114 -112 -110 -108 -106 -104 -102 -100 -98 -96 -94 -92 -90 -88 -86 -84 -82 -80 -78 -76 -74 -72 -73 -74 -72 -70 -68 -66 -64 -62 -60 -58 -56 -54 -52 -50 -48 -46 -44 -42 -40 -38 -36 -34 -32 -30 -28 -26 -24 -22 -20 -18 -16 -14 -12 -10  -8  -6  -4  -2   0   2   4   6   8  10   9  11  10  12  14  16  18  20  22  24  26  28  30  32  34  36  38  40  42  44  46  48  50  52  54  56  58  60  62  64  66  68  70  72  74  76  78  80  82  84  86  88  90  92  94  96  98 100 102 104 103 102 101 100  99  98  97  96  95  94  93  92  91  90  89  88  87  86  85  84  83  82  81  80  79  78 
E -117 -115 -113 -111 -109 -107 -105 -103 -101 -99 -97 -95 -93 -91 -89 -87 -85 -83 -81 -79 -77 -75 -73 -74 -72 -73 -71 -69 -67 -65 -63 -61 -59 -57 -55 -53 -51 -49 -47 -45 -43 -41 -39 -37 -35 -33 -31 -29 -27 -25 -23 -21 -19 -17 -15 -13 -11  -9  -7  -5  -3  -1   1   3   5   7   9   8  10   9  11  13  15  17  19  21  23  25  27  29  31  33  35  37  39  41  43  45  47  49  51  53  55  57  59  61  63  65  67  69  71  73  75  77  79  81  83  85  87  89  91  93  95  97  99 101 103 105 104 103 102 101 100  99  98  97  96  95  94  93  92  91  90  89  88  87  86  85  84  83  82  81  80 
F -118 -116 -114 -112 -110 -108 -106 -104 -102 -100 -98 -96 -94 -92 -90 -88 -86 -84 -82 -80 -78 -76 -74 -75 -73 -74 -72 -70 -68 -66 -64 -62 -60 -58 -56 -54 -52 -50 -48 -46 -44 -42 -40 -38 -36 -34 -32 -30 -28 -26 -24 -22 -20 -18 -16 -14 -12 -10  -8  -6  -4  -2   0   2   4   6   8   7   9   8  10  12  14  16  18  20  22  24  26  28  30  32  34  36  38  40  42  44  46  48  50  52  54  56  58  60  62  64  66  68  70  72  74  76  78  80  82  84  86  88  90  92  94  96  98 100 102 104 106 105 104 103 102 101 100  99  98  97  96  95  94  93  92  91  90  89  88  87  86  85  84  83  82 
T -119 -117 -115 -113 -111 -109 -107 -105 -103 -101 -99 -97 -95 -93 -91 -89 -87 -85 -83 -81 -79 -77 -75 -76 -74 -75 -73 -71 -69 -67 -65 -63 -61 -59 -57 -55 -53 -51 -49 -47 -45 -43 -41 -39 -37 -35 -33 -31 -29 -27 -25 -23 -21 -19 -17 -15 -13 -11  -9  -7  -5  -3  -1   1   3   5   7   6   8   7   9  11  13  15  17  19  21  23  25  27  29  31  33  35  37  39  41  43  45  47  49  51  53  55  57  59  61  63  65  67  69  71  73  75  77  79  81  83  85  87  89  91  93  95  97  99 101 103 105 107 106 105 104 103 102 101 100  99  98  97  96  95  94  93  92  91  90  89  88  87  86  85  84 
P -120 -118 -116 -114 -112 -110 -108 -106 -104 -102 -100 -98 -96 -94 -92 -90 -88 -86 -84 -82 -80 -78 -76 -77 -75 -76 -74 -72 -70 -68 -66 -64 -62 -60 -58 -56 -54 -52 -50 -48 -46 -44 -42 -40 -38 -36 -34 -32 -30 -28 -26 -24 -22 -20 -18 -16 -14 -12 -10  -8  -6  -4  -2   0   2   4   6   5   7   6   8  10  12  14  16  18  20  22  24  26  28  30  32  34  36  38  40  42  44  46  48  50  52  54  56  58  60  62  64  66  68  70  72  74  76  78  80  82  84  86  88  90  92  94  96  98 100 102 104 106 108 107 106 105 104 103 102 101 100  99  98  97  96  95  94  93  92  91  90  89  88  87  86 
A -121 -119 -117 -115 -113 -111 -109 -107 -105 -103 -101 -99 -97 -95 -93 -91 -89 -87 -85 -83 -81 -79 -77 -78 -76 -77 -75 -73 -71 -69 -67 -65 -63 -61 -59 -57 -55 -53 -51 -49 -47 -45 -43 -41 -39 -37 -35 -33 -31 -29 -27 -25 -23 -21 -19 -17 -15 -13 -11  -9  -7  -5  -3  -1   1   3   5   4   6   5   7   9  11  13  15  17  19  21  23  25  27  29  31  33  35  37  39  41  43  45  47  49  51  53  55  57  59  61  63  65  67  69  71  73  75  77  79  81  83  85  87  89  91  93  95  97  99 101 103 105 107 109 108 107 106 105 104 103 102 101 100  99  98  97  96  95  94  93  92  91  90  89  88 
V -122 -120 -118 -116 -114 -112 -110 -108 -106 -104 -102 -100 -98 -96 -94 -92 -90 -88 -86 -84 -82 -80 -78 -79 -77 -78 -76 -74 -72 -70 -68 -66 -64 -62 -60 -58 -56 -54 -52 -50 -48 -46 -44 -42 -40 -38 -36 -34 -32 -30 -28 -26 -24 -22 -20 -18 -16 -14 -12 -10  -8  -6  -4  -2   0   2   4   3   5   4   6   8  10  12  14  16  18  20  22  24  26  28  30  32  34  36  38  40  42  44  46  48  50  52  54  56  58  60  62  64  66  68  70  72  74  76  78  80  82  84  86  88  90  92  94  96  98 100 102 104 106 108 110 109 108 107 106 105 104 103 102 101 100  99  98  97  96  95  94  93  92  91  90 
H -123 -121 -119 -117 -115 -113 -111 -109 -107 -105 -103 -101 -99 -97 -95 -93 -91 -89 -87 -85 -83 -81 -79 -80 -78 -79 -77 -75 -73 -71 -69 -67 -65 -63 -61 -59 -57 -55 -53 -51 -49 -47 -45 -43 -41 -39 -37 -35 -33 -31 -29 -27 -25 -23 -21 -19 -17 -15 -13 -11  -9  -7  -5  -3  -1   1   3   2   4   3   5   7   9  11  13  15  17  19  21  23  25  27  29  31  33  35  37  39  41  43  45  47  49  51  53  55  57  59  61  63  65  67  69  71  73  75  77  79  81  83  85  87  89  91  93  95  97  99 101 103 105 107 109 111 110 109 108 107 106 105 104 103 102 101 100  99  98  97  96  95  94  93  92 
A -124 -122 -120 -118 -116 -114 -112 -110 -108 -106 -104 -102 -100 -98 -96 -94 -92 -90 -88 -86 -84 -82 -80 -81 -79 -80 -78 -76 -74 -72 -70 -68 -66 -64 -62 -60 -58 -56 -54 -52 -50 -48 -46 -44 -42 -40 -38 -36 -34 -32 -30 -28 -26 -24 -22 -20 -18 -16 -14 -12 -10  -8  -6  -4  -2   0   2   1   3   2   4   6   8  10  12  14  16  18  20  22  24  26  28  30  32  34  36  38  40  42  44  46  48  50  52  54  56  58  60  62  64  66  68  70  72  74  76  78  80  82  84  86  88  90  92  94  96  98 100 102 104 106 108 110 112 111 110 109 108 107 106 105 104 103 102 101 100  99  98  97  96  95  94 
S -125 -123 -121 -119 -117 -115 -113 -111 -109 -107 -105 -103 -101 -99 -97 -95 -93 -91 -89 -87 -85 -83 -81 -82 -80 -81 -79 -77 -75 -73 -71 -69 -67 -65 -63 -61 -59 -57 -55 -53 -51 -49 -47 -45 -43 -41 -39 -37 -35 -33 -31 -29 -27 -25 -23 -21 -19 -17 -15 -13 -11  -9  -7  -5  -3  -1   1   0   2   1   3   5   7   9  11  13  15  17  19  21  23  25  27  29  31  33  35  37  39  41  43  45  47  49  51  53  55  57  59  61  63  65  67  69  71  73  75  77  79  81  83  85  87  89  91  93  95  97  99 101 103 105 107 109 111 113 112 111 110 109 108 107 106 105 104 103 102 101 100  99  98  97  96 
L -126 -124 -122 -120 -118 -116 -114 -112 -110 -108 -106 -104 -102 -100 -98 -96 -94 -92 -90 -88 -86 -84 -82 -83 -81 -82 -80 -78 -76 -74 -72 -70 -68 -66 -64 -62 -60 -58 -56 -54 -52 -50 -48 -46 -44 -42 -40 -38 -36 -34 -32 -30 -28 -26 -24 -22 -20 -18 -16 -14 -12 -10  -8  -6  -4  -2   0   2   1   0   2   4   6   8  10  12  14  16  18  20  22  24  26  28  30  32  34  36  38  40  42  44  46  48  50  52  54  56  58  60  62  64  66  68  70  72  74  76  78  80  82  84  86  88  90  92  94  96  98 100 102 104 106 108 110 112 114 113 112 111 110 109 108 107 106 105 104 103 102 101 100  99  98 
D -127 -125 -123 -121 -119 -117 -115 -113 -111 -109 -107 -105 -103 -101 -99 -97 -95 -93 -91 -89 -87 -85 -83 -84 -82 -83 -81 -79 -77 -75 -73 -71 -69 -67 -65 -63 -61 -59 -57 -55 -53 -51 -49 -47 -45 -43 -41 -39 -37 -35 -33 -31 -29 -27 -25 -23 -21 -19 -17 -15 -13 -11  -9  -7  -5  -3  -1   1   0  -1   1   3   5   7   9  11  13  15  17  19  21  23  25  27  29  31  33  35  37  39  41  43  45  47  49  51  53  55  57  59  61  63  65  67  69  71  73  75  77  79  81  83  85  87  89  91  93  95  97  99 101 103 105 107 109 111 113 115 114 113 112 111 110 109 108 107 106 105 104 103 102 101 100 
K -128 -126 -124 -122 -120 -118 -116 -114 -112 -110 -108 -106 -104 -102 -100 -98 -96 -94 -92 -90 -88 -86 -84 -85 -83 -84 -82 -80 -78 -76 -74 -72 -70 -68 -66 -64 -62 -60 -58 -56 -54 -52 -50 -48 -46 -44 -42 -40 -38 -36 -34 -32 -30 -28 -26 -24 -22 -20 -18 -16 -14 -12 -10  -8  -6  -4  -2   0  -1  -2   0   2   4   6   8  10  12  14  16  18  20  22  24  26  28  30  32  34  36  38  40  42  44  46  48  50  52  54  56  58  60  62  64  66  68  70  72  74  76  78  80  82  84  86  88  90  92  94  96  98 100 102 104 106 108 110 112 114 116 115 114 113 112 111 110 109 108 107 106 105 104 103 102 
F 127 126 125 124 123 122 121 120 119 118 117 116 115 114 113 112 111 110 109 108 107 106 105 104 103 102 101 100  99  98  97  96  95  94  93  92  91  90  89  88  87  86  85  84  83  82  81  80  79  78  77  76  75  74  73  72  71  70  69  68  67  66  65  64  63  62  61  60  59  58  57  56  55  54  53  52  51  50  49  48  47  46  45  44  43  42  41  40  39  38  39  41  43  45  47  49  51  53  55  57  59  61  63  65  67  69  71  73  75  77  79  81  83  85  87  89  91  93  95  97  99 101 103 105 107 109 111 113 115 117 116 115 114 113 112 111 110 109 108 107 106 105 104 
L 126 125 124 126 125 124 123 122 121 120 119 118 117 116 115 114 113 112 111 110 109 108 107 106 105 104 103 102 101 100  99  98  97  96  95  94  93  92  91  90  89  88  87  86  85  84  83  82  81  80  79  78  77  76  75  74  73  72  71  70  69  68  67  66  65  64  63  62  61  60  59  58  57  56  55  54  53  52  51  50  49  48  47  46  45  44  43  42  41  40  39  40  42  44  46  48  50  52  54  56  58  60  62  64  66  68  70  72  74  76  78  80  82  84  86  88  90  92  94  96  98 100 102 104 106 108 110 112 114 116 118 117 116 115 114 113 112 111 110 109 108 107 106 
A 125 124 123 125 124 123 125 124 123 122 121 120 119 118 117 116 115 114 113 112 111 110 109 108 107 106 105 104 103 102 101 100  99  98  97  96  95  94  93  92  91  90  89  88  87  86  85  84  83  82  81  80  79  78  77  76  75  74  73  72  71  70  69  68  67  66  65  64  63  62  61  60  59  58  57  56  55  54  53  52  51  50  49  48  47  46  45  44  43  42  41  40  41  43  45  47  49  51  53  55  57  59  61  63  65  67  69  71  73  75  77  79  81  83  85  87  89  91  93  95  97  99 101 103 105 107 109 111 113 115 117 119 118 117 116 115 114 113 112 111 110 109 108 
S 124 123 122 124 126 125 124 123 122 121 120 119 118 117 116 115 114 113 112 111 110 109 108 107 106 105 104 103 102 101 100  99  98  97  96  95  97  96  95  94  93  92  91  90  89  88  87  86  85  84  83  82  81  80  79  78  77  76  75  74  73  72  71  70  69  68  67  66  65  64  63  62  61  60  59  58  57  56  55  54  53  52  51  50  49  48  47  46  45  44  43  42  41  42  44  46  48  50  52  54  56  58  60  62  64  66  68  70  72  74  76  78  80  82  84  86  88  90  92  94  96  98 100 102 104 106 108 110 112 114 116 118 120 119 118 117 116 115 114 113 112 111 110 
V 123 122 124 123 125 124 123 122 121 120 119 121 120 119 118 117 116 115 114 113 112 111 110 109 108 107 106 105 104 103 102 101 100  99  98  97  96  95  94  93  92  91  90  89  88  87  86  85  84  83  82  81  80  79  78  77  79  78  77  76  75  74  73  72  71  70  69  68  67  66  65  64  63  62  61  60  59  58  57  56  55  54  53  52  51  50  49  48  47  46  45  44  43  42  43  45  47  49  51  53  55  57  59  61  63  65  67  69  71  73  75  77  79  81  83  85  87  89  91  93  95  97  99 101 103 105 107 109 111 113 115 117 119 121 120 119 118 117 116 115 114 113 112 
S 122 121 123 122 124 123 122 121 120 119 118 120 119 118 117 116 115 114 113 112 111 110 109 108 107 106 105 104 103 102 101 100  99  98  97  96  98  97  96  95  94  93  92  91  90  89  88  87  86  85  84  83  82  81  80  79  78  77  76  75  74  73  72  71  70  69  68  67  66  65  64  63  62  61  60  59  58  57  56  55  54  53  55  54  53  52  51  50  49  48  47  46  45  44  43  44  46  48  50  52  54  56  58  60  62  64  66  68  70  72  74  76  78  80  82  84  86  88  90  92  94  96  98 100 102 104 106 108 110 112 114 116 118 120 122 121 120 119 118 117 116 115 114 
T 121 120 122 121 123 122 121 120 119 121 120 119 118 117 116 115 114 113 112 111 110 109 108 107 106 105 104 103 102 101 100  99  98  97  96  95  97  96  95  97  96  95  94  93  92  91  90  89  88  87  86  85  84  83  82  81  80  79  78  77  76  75  74  73  72  71  70  69  68  67  66  65  64  63  62  61  60  59  58  57  56  55  54  53  52  51  50  49  48  47  46  45  44  43  42  43  45  47  49  51  53  55  57  59  61  63  65  67  69  71  73  75  77  79  81  83  85  87  89  91  93  95  97  99 101 103 105 107 109 111 113 115 117 119 121 123 122 121 120 119 118 117 116 
V 120 119 121 120 122 121 120 119 118 120 119 121 120 119 118 117 116 115 114 113 112 111 110 109 108 107 106 105 104 103 102 101 100  99  98  97  96  95  94  96  95  94  93  92  91  90  89  88  87  86  85  84  83  82  81  80  82  81  80  79  78  77  76  75  74  73  72  71  70  69  68  67  66  65  64  63  62  61  60  59  58  57  56  55  54  53  52  51  50  49  48  47  46  45  44  43  44  46  48  50  52  54  56  58  60  62  64  66  68  70  72  74  76  78  80  82  84  86  88  90  92  94  96  98 100 102 104 106 108 110 112 114 116 118 120 122 124 123 122 121 120 119 118 
L 119 118 120 122 121 120 119 118 117 119 118 120 119 118 117 116 115 114 113 112 111 110 109 108 107 106 105 104 103 102 104 103 102 101 100  99  98  97  96  95  94  93  92  91  90  89  88  87  86  88  87  86  85  84  83  82  81  80  79  78  77  76  75  74  73  72  71  73  72  71  70  69  68  67  66  65  64  63  62  61  60  59  58  57  56  55  54  53  52  51  50  49  48  47  46  45  44  45  47  49  51  53  55  57  59  61  63  65  67  69  71  73  75  77  79  81  83  85  87  89  91  93  95  97  99 101 103 105 107 109 111 113 115 117 119 121 123 125 124 123 122 121 120 
T 118 117 119 121 120 119 118 117 116 118 117 119 118 117 116 115 114 113 112 111 110 109 108 107 106 105 104 103 102 101 103 102 101 100  99  98  97  96  95  97  96  95  94  93  92  91  90  89  88  87  86  85  84  83  82  81  80  79  78  77  76  75  74  73  72  71  70  72  74  73  72  71  70  69  68  67  66  65  64  63  62  61  60  59  58  57  56  55  54  53  52  51  50  49  48  47  46  45  46  48  50  52  54  56  58  60  62  64  66  68  70  72  74  76  78  80  82  84  86  88  90  92  94  96  98 100 102 104 106 108 110 112 114 116 118 120 122 124 126 125 124 123 122 
S 117 116 118 120 122 121 120 119 118 117 116 118 117 116 115 114 113 112 111 110 109 108 107 106 105 104 103 102 101 100 102 101 100  99  98  97  99  98  97  96  95  94  93  92  91  90  89  88  87  86  88  87  86  85  84  83  82  81  80  79  78  77  76  75  74  73  72  71  73  72  71  70  69  68  67  66  65  64  63  62  61  60  62  61  60  59  58  57  56  55  54  53  52  51  50  49  48  47  46  47  49  51  53  55  57  59  61  63  65  67  69  71  73  75  77  79  81  83  85  87  89  91  93  95  97  99 101 103 105 107 109 111 113 115 117 119 121 123 125 127 126 125 124 
K 116 115 117 119 121 120 119 118 120 119 118 117 119 118 117 116 115 114 113 112 111 110 109 108 107 106 105 104 103 102 101 100  99  98  97  96  98  97  96  95  94  96  95  94  93  92  91  90  89  88  87  86  85  84  83  82  81  83  82  81  80  79  78  77  76  75  74  73  72  71  70  69  68  67  66  65  64  63  62  61  60  59  61  60  59  58  57  56  55  54  53  55  54  53  52  51  50  49  48  47  48  50  52  54  56  58  60  62  64  66  68  70  72  74  76  78  80  82  84  86  88  90  92  94  96  98 100 102 104 106 108 110 112 114 116 118 120 122 124 126 -128 124 123 
Y 115 114 116 118 120 119 118 117 119 118 117 116 118 117 116 115 114 113 112 111 110 109 108 107 106 108 107 106 105 104 103 102 101 100  99  98  97  96  95  94  93  95  94  96  95  94  93  92  91  90  89  88  87  86  85  84  83  82  81  80  79  78  77  76  75  74  73  72  71  70  69  68  67  66  65  64  63  62  61  60  59  58  60  59  58  57  56  55  54  53  52  54  53  52  51  50  49  48  47  46  47  49  51  53  55  57  59  61  63  65  67  69  71  73  75  77  79  81  83  85  87  89  91  93  95  97  99 101 103 105 107 109 111 113 115 117 119 121 123 125 124 123 122 
R 114 113 115 117 119 118 117 116 118 117 116 115 117 116 115 114 113 112 111 110 109 108 107 106 105 107 106 105 104 103 102 101 103 102 101 100  99  98  97  96  95  94  93  95  94  93  92  91  90  89  88  87  86  85  84  83  82  81  80  79  78  77  76  75  74  73  72  71  70  69  68  67  66  65  64  63  62  61  60  59  58  57  59  58  57  56  55  54  53  52  51  53  52  54  53  52  51  50  49  48  47  48  50  52  54  56  58  60  62  64  66  68  70  72  74  76  78  80  82  84  86  88  90  92  94  96  98 100 102 104 106 108 110 112 114 116 118 120 122 124 123 122 124 
MVLSPADKTNVKAAWGKVG--AHAGEYGAEALERMFLSFPTTKTYFPHFDLSHGSAQVKGHG-KKVADA-LTNAVAHVDDMPNALSALSDLHAHKLRVDPVNFKLLSHCLLVTLAAHLPAEFTPAVHASLDKFLASVSTVLTS-KYR
|||||||||||||||||||  |  |||||||||||||||||||||||||||||||||||||| | || | |||||||||||||||||||||||||||||||||||||||||||||||||||||||||||||||||||||||||   |
MVLSPADKTNVKAAWGKVGGNA--GEYGAEALERMFLSFPTTKTYFPHFDLSHGSAQVKGHGAK-VA-AALTNAVAHVDDMPNALSALSDLHAHKLRVDPVNFKLLSHCLLVTLAAHLPAEFTPAVHASLDKFLASVSTVLTSKY-R
